{
 "cells": [
  {
   "cell_type": "code",
   "execution_count": 1,
   "metadata": {},
   "outputs": [],
   "source": [
    "\n",
    "import matplotlib.pyplot as plt\n",
    "import seaborn as sns\n",
    "import pandas as pd\n",
    "import numpy as np\n",
    "\n",
    "\n",
    "from sklearn.metrics import roc_curve, auc,RocCurveDisplay\n",
    "from sklearn.metrics import confusion_matrix\n",
    "from sklearn.ensemble import RandomForestClassifier\n",
    "from sklearn.tree import DecisionTreeClassifier\n",
    "from sklearn.naive_bayes import GaussianNB\n",
    "from sklearn.linear_model import LogisticRegression\n",
    "from sklearn.model_selection import train_test_split\n",
    "from sklearn.preprocessing import StandardScaler\n",
    "from sklearn.svm import SVC\n",
    "from sklearn.pipeline import Pipeline\n",
    "from sklearn.metrics import f1_score\n",
    "from sklearn.model_selection import cross_val_score\n"
   ]
  },
  {
   "cell_type": "code",
   "execution_count": 2,
   "metadata": {},
   "outputs": [
    {
     "data": {
      "text/html": [
       "<div>\n",
       "<style scoped>\n",
       "    .dataframe tbody tr th:only-of-type {\n",
       "        vertical-align: middle;\n",
       "    }\n",
       "\n",
       "    .dataframe tbody tr th {\n",
       "        vertical-align: top;\n",
       "    }\n",
       "\n",
       "    .dataframe thead th {\n",
       "        text-align: right;\n",
       "    }\n",
       "</style>\n",
       "<table border=\"1\" class=\"dataframe\">\n",
       "  <thead>\n",
       "    <tr style=\"text-align: right;\">\n",
       "      <th></th>\n",
       "      <th>y_min</th>\n",
       "      <th>y_max</th>\n",
       "      <th>y_mean</th>\n",
       "      <th>y_std</th>\n",
       "      <th>zcr_mean</th>\n",
       "      <th>zcr_min</th>\n",
       "      <th>zcr_max</th>\n",
       "      <th>spec_cent_min</th>\n",
       "      <th>spec_cent_mean</th>\n",
       "      <th>spec_roll_min</th>\n",
       "      <th>spec_roll_mean</th>\n",
       "      <th>rms_mean</th>\n",
       "      <th>flat_mean</th>\n",
       "      <th>flat_max</th>\n",
       "      <th>amp_mean</th>\n",
       "      <th>amp_min</th>\n",
       "      <th>melspec_mean</th>\n",
       "      <th>melspec_std</th>\n",
       "      <th>class</th>\n",
       "    </tr>\n",
       "  </thead>\n",
       "  <tbody>\n",
       "    <tr>\n",
       "      <th>0</th>\n",
       "      <td>-0.026549</td>\n",
       "      <td>0.025436</td>\n",
       "      <td>-5.624716e-07</td>\n",
       "      <td>0.005804</td>\n",
       "      <td>0.109654</td>\n",
       "      <td>0.057617</td>\n",
       "      <td>0.153809</td>\n",
       "      <td>1853.320838</td>\n",
       "      <td>2105.182951</td>\n",
       "      <td>4209.741211</td>\n",
       "      <td>4567.637036</td>\n",
       "      <td>0.005728</td>\n",
       "      <td>0.000989</td>\n",
       "      <td>0.011150</td>\n",
       "      <td>0.015913</td>\n",
       "      <td>0.010359</td>\n",
       "      <td>0.007248</td>\n",
       "      <td>0.034759</td>\n",
       "      <td>0</td>\n",
       "    </tr>\n",
       "    <tr>\n",
       "      <th>1</th>\n",
       "      <td>-0.024012</td>\n",
       "      <td>0.023735</td>\n",
       "      <td>-4.611875e-06</td>\n",
       "      <td>0.005874</td>\n",
       "      <td>0.075940</td>\n",
       "      <td>0.026855</td>\n",
       "      <td>0.125488</td>\n",
       "      <td>952.508337</td>\n",
       "      <td>1524.399576</td>\n",
       "      <td>2045.654297</td>\n",
       "      <td>3373.768308</td>\n",
       "      <td>0.005831</td>\n",
       "      <td>0.000385</td>\n",
       "      <td>0.001024</td>\n",
       "      <td>0.016215</td>\n",
       "      <td>0.010578</td>\n",
       "      <td>0.007658</td>\n",
       "      <td>0.032697</td>\n",
       "      <td>0</td>\n",
       "    </tr>\n",
       "    <tr>\n",
       "      <th>2</th>\n",
       "      <td>-0.027624</td>\n",
       "      <td>0.023215</td>\n",
       "      <td>1.237546e-06</td>\n",
       "      <td>0.006159</td>\n",
       "      <td>0.037438</td>\n",
       "      <td>0.017578</td>\n",
       "      <td>0.096680</td>\n",
       "      <td>809.095334</td>\n",
       "      <td>1081.963248</td>\n",
       "      <td>1539.624023</td>\n",
       "      <td>2367.153513</td>\n",
       "      <td>0.006127</td>\n",
       "      <td>0.000184</td>\n",
       "      <td>0.002413</td>\n",
       "      <td>0.015449</td>\n",
       "      <td>0.009412</td>\n",
       "      <td>0.008834</td>\n",
       "      <td>0.037003</td>\n",
       "      <td>0</td>\n",
       "    </tr>\n",
       "    <tr>\n",
       "      <th>3</th>\n",
       "      <td>-0.025296</td>\n",
       "      <td>0.024671</td>\n",
       "      <td>-4.694535e-08</td>\n",
       "      <td>0.005871</td>\n",
       "      <td>0.055022</td>\n",
       "      <td>0.027832</td>\n",
       "      <td>0.073730</td>\n",
       "      <td>1075.988912</td>\n",
       "      <td>1220.102213</td>\n",
       "      <td>1819.555664</td>\n",
       "      <td>2435.300355</td>\n",
       "      <td>0.005838</td>\n",
       "      <td>0.000239</td>\n",
       "      <td>0.004255</td>\n",
       "      <td>0.015978</td>\n",
       "      <td>0.009294</td>\n",
       "      <td>0.008052</td>\n",
       "      <td>0.031213</td>\n",
       "      <td>0</td>\n",
       "    </tr>\n",
       "    <tr>\n",
       "      <th>4</th>\n",
       "      <td>-0.029507</td>\n",
       "      <td>0.026129</td>\n",
       "      <td>-4.465954e-06</td>\n",
       "      <td>0.006169</td>\n",
       "      <td>0.051522</td>\n",
       "      <td>0.023926</td>\n",
       "      <td>0.074707</td>\n",
       "      <td>1018.973249</td>\n",
       "      <td>1262.663528</td>\n",
       "      <td>2131.787109</td>\n",
       "      <td>2782.229735</td>\n",
       "      <td>0.006116</td>\n",
       "      <td>0.000300</td>\n",
       "      <td>0.004802</td>\n",
       "      <td>0.016088</td>\n",
       "      <td>0.008529</td>\n",
       "      <td>0.008755</td>\n",
       "      <td>0.035059</td>\n",
       "      <td>0</td>\n",
       "    </tr>\n",
       "    <tr>\n",
       "      <th>...</th>\n",
       "      <td>...</td>\n",
       "      <td>...</td>\n",
       "      <td>...</td>\n",
       "      <td>...</td>\n",
       "      <td>...</td>\n",
       "      <td>...</td>\n",
       "      <td>...</td>\n",
       "      <td>...</td>\n",
       "      <td>...</td>\n",
       "      <td>...</td>\n",
       "      <td>...</td>\n",
       "      <td>...</td>\n",
       "      <td>...</td>\n",
       "      <td>...</td>\n",
       "      <td>...</td>\n",
       "      <td>...</td>\n",
       "      <td>...</td>\n",
       "      <td>...</td>\n",
       "      <td>...</td>\n",
       "    </tr>\n",
       "    <tr>\n",
       "      <th>5545</th>\n",
       "      <td>-0.017697</td>\n",
       "      <td>0.021168</td>\n",
       "      <td>2.730560e-07</td>\n",
       "      <td>0.004926</td>\n",
       "      <td>0.047838</td>\n",
       "      <td>0.027832</td>\n",
       "      <td>0.119629</td>\n",
       "      <td>1001.090252</td>\n",
       "      <td>1190.449035</td>\n",
       "      <td>2228.686523</td>\n",
       "      <td>2734.616875</td>\n",
       "      <td>0.004901</td>\n",
       "      <td>0.000267</td>\n",
       "      <td>0.004934</td>\n",
       "      <td>0.012776</td>\n",
       "      <td>0.007137</td>\n",
       "      <td>0.005616</td>\n",
       "      <td>0.022351</td>\n",
       "      <td>1</td>\n",
       "    </tr>\n",
       "    <tr>\n",
       "      <th>5546</th>\n",
       "      <td>-0.020151</td>\n",
       "      <td>0.020511</td>\n",
       "      <td>4.749384e-06</td>\n",
       "      <td>0.004993</td>\n",
       "      <td>0.047249</td>\n",
       "      <td>0.021973</td>\n",
       "      <td>0.104492</td>\n",
       "      <td>1023.721270</td>\n",
       "      <td>1182.886307</td>\n",
       "      <td>2271.752930</td>\n",
       "      <td>2699.469292</td>\n",
       "      <td>0.004982</td>\n",
       "      <td>0.000245</td>\n",
       "      <td>0.003081</td>\n",
       "      <td>0.013208</td>\n",
       "      <td>0.007722</td>\n",
       "      <td>0.005799</td>\n",
       "      <td>0.020939</td>\n",
       "      <td>1</td>\n",
       "    </tr>\n",
       "    <tr>\n",
       "      <th>5547</th>\n",
       "      <td>-0.021889</td>\n",
       "      <td>0.021135</td>\n",
       "      <td>-2.466638e-07</td>\n",
       "      <td>0.005315</td>\n",
       "      <td>0.049548</td>\n",
       "      <td>0.030273</td>\n",
       "      <td>0.067383</td>\n",
       "      <td>960.878474</td>\n",
       "      <td>1122.202736</td>\n",
       "      <td>1981.054688</td>\n",
       "      <td>2344.920855</td>\n",
       "      <td>0.005291</td>\n",
       "      <td>0.000248</td>\n",
       "      <td>0.005764</td>\n",
       "      <td>0.014087</td>\n",
       "      <td>0.008673</td>\n",
       "      <td>0.006537</td>\n",
       "      <td>0.022093</td>\n",
       "      <td>1</td>\n",
       "    </tr>\n",
       "    <tr>\n",
       "      <th>5548</th>\n",
       "      <td>-0.021102</td>\n",
       "      <td>0.020272</td>\n",
       "      <td>1.632402e-06</td>\n",
       "      <td>0.004845</td>\n",
       "      <td>0.069002</td>\n",
       "      <td>0.040527</td>\n",
       "      <td>0.083984</td>\n",
       "      <td>1220.778566</td>\n",
       "      <td>1378.274745</td>\n",
       "      <td>2304.052734</td>\n",
       "      <td>2833.664613</td>\n",
       "      <td>0.004805</td>\n",
       "      <td>0.000373</td>\n",
       "      <td>0.005657</td>\n",
       "      <td>0.013041</td>\n",
       "      <td>0.008418</td>\n",
       "      <td>0.005483</td>\n",
       "      <td>0.022506</td>\n",
       "      <td>1</td>\n",
       "    </tr>\n",
       "    <tr>\n",
       "      <th>5549</th>\n",
       "      <td>-0.020383</td>\n",
       "      <td>0.019676</td>\n",
       "      <td>-5.590337e-07</td>\n",
       "      <td>0.004855</td>\n",
       "      <td>0.081295</td>\n",
       "      <td>0.037598</td>\n",
       "      <td>0.102539</td>\n",
       "      <td>1442.451263</td>\n",
       "      <td>1603.731314</td>\n",
       "      <td>3079.248047</td>\n",
       "      <td>3399.698081</td>\n",
       "      <td>0.004828</td>\n",
       "      <td>0.000493</td>\n",
       "      <td>0.004794</td>\n",
       "      <td>0.013476</td>\n",
       "      <td>0.008621</td>\n",
       "      <td>0.005413</td>\n",
       "      <td>0.020985</td>\n",
       "      <td>1</td>\n",
       "    </tr>\n",
       "  </tbody>\n",
       "</table>\n",
       "<p>5550 rows × 19 columns</p>\n",
       "</div>"
      ],
      "text/plain": [
       "         y_min     y_max        y_mean     y_std  zcr_mean   zcr_min  \\\n",
       "0    -0.026549  0.025436 -5.624716e-07  0.005804  0.109654  0.057617   \n",
       "1    -0.024012  0.023735 -4.611875e-06  0.005874  0.075940  0.026855   \n",
       "2    -0.027624  0.023215  1.237546e-06  0.006159  0.037438  0.017578   \n",
       "3    -0.025296  0.024671 -4.694535e-08  0.005871  0.055022  0.027832   \n",
       "4    -0.029507  0.026129 -4.465954e-06  0.006169  0.051522  0.023926   \n",
       "...        ...       ...           ...       ...       ...       ...   \n",
       "5545 -0.017697  0.021168  2.730560e-07  0.004926  0.047838  0.027832   \n",
       "5546 -0.020151  0.020511  4.749384e-06  0.004993  0.047249  0.021973   \n",
       "5547 -0.021889  0.021135 -2.466638e-07  0.005315  0.049548  0.030273   \n",
       "5548 -0.021102  0.020272  1.632402e-06  0.004845  0.069002  0.040527   \n",
       "5549 -0.020383  0.019676 -5.590337e-07  0.004855  0.081295  0.037598   \n",
       "\n",
       "       zcr_max  spec_cent_min  spec_cent_mean  spec_roll_min  spec_roll_mean  \\\n",
       "0     0.153809    1853.320838     2105.182951    4209.741211     4567.637036   \n",
       "1     0.125488     952.508337     1524.399576    2045.654297     3373.768308   \n",
       "2     0.096680     809.095334     1081.963248    1539.624023     2367.153513   \n",
       "3     0.073730    1075.988912     1220.102213    1819.555664     2435.300355   \n",
       "4     0.074707    1018.973249     1262.663528    2131.787109     2782.229735   \n",
       "...        ...            ...             ...            ...             ...   \n",
       "5545  0.119629    1001.090252     1190.449035    2228.686523     2734.616875   \n",
       "5546  0.104492    1023.721270     1182.886307    2271.752930     2699.469292   \n",
       "5547  0.067383     960.878474     1122.202736    1981.054688     2344.920855   \n",
       "5548  0.083984    1220.778566     1378.274745    2304.052734     2833.664613   \n",
       "5549  0.102539    1442.451263     1603.731314    3079.248047     3399.698081   \n",
       "\n",
       "      rms_mean  flat_mean  flat_max  amp_mean   amp_min  melspec_mean  \\\n",
       "0     0.005728   0.000989  0.011150  0.015913  0.010359      0.007248   \n",
       "1     0.005831   0.000385  0.001024  0.016215  0.010578      0.007658   \n",
       "2     0.006127   0.000184  0.002413  0.015449  0.009412      0.008834   \n",
       "3     0.005838   0.000239  0.004255  0.015978  0.009294      0.008052   \n",
       "4     0.006116   0.000300  0.004802  0.016088  0.008529      0.008755   \n",
       "...        ...        ...       ...       ...       ...           ...   \n",
       "5545  0.004901   0.000267  0.004934  0.012776  0.007137      0.005616   \n",
       "5546  0.004982   0.000245  0.003081  0.013208  0.007722      0.005799   \n",
       "5547  0.005291   0.000248  0.005764  0.014087  0.008673      0.006537   \n",
       "5548  0.004805   0.000373  0.005657  0.013041  0.008418      0.005483   \n",
       "5549  0.004828   0.000493  0.004794  0.013476  0.008621      0.005413   \n",
       "\n",
       "      melspec_std  class  \n",
       "0        0.034759      0  \n",
       "1        0.032697      0  \n",
       "2        0.037003      0  \n",
       "3        0.031213      0  \n",
       "4        0.035059      0  \n",
       "...           ...    ...  \n",
       "5545     0.022351      1  \n",
       "5546     0.020939      1  \n",
       "5547     0.022093      1  \n",
       "5548     0.022506      1  \n",
       "5549     0.020985      1  \n",
       "\n",
       "[5550 rows x 19 columns]"
      ]
     },
     "execution_count": 2,
     "metadata": {},
     "output_type": "execute_result"
    }
   ],
   "source": [
    "df = pd.read_csv(\"../Dataset/fan_features.csv\").iloc[:,1:]\n",
    "df"
   ]
  },
  {
   "cell_type": "code",
   "execution_count": 3,
   "metadata": {},
   "outputs": [
    {
     "data": {
      "text/html": [
       "<div>\n",
       "<style scoped>\n",
       "    .dataframe tbody tr th:only-of-type {\n",
       "        vertical-align: middle;\n",
       "    }\n",
       "\n",
       "    .dataframe tbody tr th {\n",
       "        vertical-align: top;\n",
       "    }\n",
       "\n",
       "    .dataframe thead th {\n",
       "        text-align: right;\n",
       "    }\n",
       "</style>\n",
       "<table border=\"1\" class=\"dataframe\">\n",
       "  <thead>\n",
       "    <tr style=\"text-align: right;\">\n",
       "      <th></th>\n",
       "      <th>y_min</th>\n",
       "      <th>y_max</th>\n",
       "      <th>y_mean</th>\n",
       "      <th>y_std</th>\n",
       "      <th>zcr_mean</th>\n",
       "      <th>zcr_min</th>\n",
       "      <th>zcr_max</th>\n",
       "      <th>spec_cent_min</th>\n",
       "      <th>spec_cent_mean</th>\n",
       "      <th>spec_roll_min</th>\n",
       "      <th>spec_roll_mean</th>\n",
       "      <th>rms_mean</th>\n",
       "      <th>flat_mean</th>\n",
       "      <th>flat_max</th>\n",
       "      <th>amp_mean</th>\n",
       "      <th>amp_min</th>\n",
       "      <th>melspec_mean</th>\n",
       "      <th>melspec_std</th>\n",
       "      <th>class</th>\n",
       "    </tr>\n",
       "  </thead>\n",
       "  <tbody>\n",
       "    <tr>\n",
       "      <th>y_min</th>\n",
       "      <td>1.000000</td>\n",
       "      <td>-0.760774</td>\n",
       "      <td>0.005541</td>\n",
       "      <td>-0.690807</td>\n",
       "      <td>0.086183</td>\n",
       "      <td>0.066016</td>\n",
       "      <td>0.054088</td>\n",
       "      <td>0.071843</td>\n",
       "      <td>0.056111</td>\n",
       "      <td>0.094259</td>\n",
       "      <td>0.073606</td>\n",
       "      <td>-0.682319</td>\n",
       "      <td>0.167315</td>\n",
       "      <td>0.076394</td>\n",
       "      <td>-0.685025</td>\n",
       "      <td>-0.532339</td>\n",
       "      <td>-0.656645</td>\n",
       "      <td>-0.528052</td>\n",
       "      <td>-0.106736</td>\n",
       "    </tr>\n",
       "    <tr>\n",
       "      <th>y_max</th>\n",
       "      <td>-0.760774</td>\n",
       "      <td>1.000000</td>\n",
       "      <td>-0.026802</td>\n",
       "      <td>0.572251</td>\n",
       "      <td>-0.027426</td>\n",
       "      <td>-0.008072</td>\n",
       "      <td>-0.002024</td>\n",
       "      <td>-0.035272</td>\n",
       "      <td>-0.014410</td>\n",
       "      <td>-0.055066</td>\n",
       "      <td>-0.029313</td>\n",
       "      <td>0.563586</td>\n",
       "      <td>-0.103509</td>\n",
       "      <td>-0.024777</td>\n",
       "      <td>0.633406</td>\n",
       "      <td>0.483020</td>\n",
       "      <td>0.526345</td>\n",
       "      <td>0.383081</td>\n",
       "      <td>0.051917</td>\n",
       "    </tr>\n",
       "    <tr>\n",
       "      <th>y_mean</th>\n",
       "      <td>0.005541</td>\n",
       "      <td>-0.026802</td>\n",
       "      <td>1.000000</td>\n",
       "      <td>-0.030902</td>\n",
       "      <td>0.030700</td>\n",
       "      <td>0.026931</td>\n",
       "      <td>0.020353</td>\n",
       "      <td>0.033198</td>\n",
       "      <td>0.032884</td>\n",
       "      <td>0.030881</td>\n",
       "      <td>0.030706</td>\n",
       "      <td>-0.031006</td>\n",
       "      <td>0.030152</td>\n",
       "      <td>0.026696</td>\n",
       "      <td>-0.018864</td>\n",
       "      <td>0.023893</td>\n",
       "      <td>-0.029315</td>\n",
       "      <td>-0.027280</td>\n",
       "      <td>0.004682</td>\n",
       "    </tr>\n",
       "    <tr>\n",
       "      <th>y_std</th>\n",
       "      <td>-0.690807</td>\n",
       "      <td>0.572251</td>\n",
       "      <td>-0.030902</td>\n",
       "      <td>1.000000</td>\n",
       "      <td>-0.347067</td>\n",
       "      <td>-0.285648</td>\n",
       "      <td>-0.362158</td>\n",
       "      <td>-0.227656</td>\n",
       "      <td>-0.269072</td>\n",
       "      <td>-0.242488</td>\n",
       "      <td>-0.277964</td>\n",
       "      <td>0.999582</td>\n",
       "      <td>-0.426846</td>\n",
       "      <td>-0.270530</td>\n",
       "      <td>0.885145</td>\n",
       "      <td>0.716070</td>\n",
       "      <td>0.988361</td>\n",
       "      <td>0.878369</td>\n",
       "      <td>0.158339</td>\n",
       "    </tr>\n",
       "    <tr>\n",
       "      <th>zcr_mean</th>\n",
       "      <td>0.086183</td>\n",
       "      <td>-0.027426</td>\n",
       "      <td>0.030700</td>\n",
       "      <td>-0.347067</td>\n",
       "      <td>1.000000</td>\n",
       "      <td>0.906669</td>\n",
       "      <td>0.814481</td>\n",
       "      <td>0.932238</td>\n",
       "      <td>0.960550</td>\n",
       "      <td>0.897631</td>\n",
       "      <td>0.907916</td>\n",
       "      <td>-0.341082</td>\n",
       "      <td>0.944300</td>\n",
       "      <td>0.690913</td>\n",
       "      <td>-0.012928</td>\n",
       "      <td>0.147664</td>\n",
       "      <td>-0.388255</td>\n",
       "      <td>-0.495482</td>\n",
       "      <td>-0.096238</td>\n",
       "    </tr>\n",
       "    <tr>\n",
       "      <th>zcr_min</th>\n",
       "      <td>0.066016</td>\n",
       "      <td>-0.008072</td>\n",
       "      <td>0.026931</td>\n",
       "      <td>-0.285648</td>\n",
       "      <td>0.906669</td>\n",
       "      <td>1.000000</td>\n",
       "      <td>0.690873</td>\n",
       "      <td>0.882361</td>\n",
       "      <td>0.867915</td>\n",
       "      <td>0.843831</td>\n",
       "      <td>0.819428</td>\n",
       "      <td>-0.278190</td>\n",
       "      <td>0.844382</td>\n",
       "      <td>0.635537</td>\n",
       "      <td>0.043770</td>\n",
       "      <td>0.200273</td>\n",
       "      <td>-0.327275</td>\n",
       "      <td>-0.457965</td>\n",
       "      <td>-0.089588</td>\n",
       "    </tr>\n",
       "    <tr>\n",
       "      <th>zcr_max</th>\n",
       "      <td>0.054088</td>\n",
       "      <td>-0.002024</td>\n",
       "      <td>0.020353</td>\n",
       "      <td>-0.362158</td>\n",
       "      <td>0.814481</td>\n",
       "      <td>0.690873</td>\n",
       "      <td>1.000000</td>\n",
       "      <td>0.684952</td>\n",
       "      <td>0.778183</td>\n",
       "      <td>0.680857</td>\n",
       "      <td>0.744371</td>\n",
       "      <td>-0.361614</td>\n",
       "      <td>0.807083</td>\n",
       "      <td>0.610683</td>\n",
       "      <td>-0.136855</td>\n",
       "      <td>-0.034607</td>\n",
       "      <td>-0.389321</td>\n",
       "      <td>-0.418106</td>\n",
       "      <td>-0.066178</td>\n",
       "    </tr>\n",
       "    <tr>\n",
       "      <th>spec_cent_min</th>\n",
       "      <td>0.071843</td>\n",
       "      <td>-0.035272</td>\n",
       "      <td>0.033198</td>\n",
       "      <td>-0.227656</td>\n",
       "      <td>0.932238</td>\n",
       "      <td>0.882361</td>\n",
       "      <td>0.684952</td>\n",
       "      <td>1.000000</td>\n",
       "      <td>0.961621</td>\n",
       "      <td>0.972442</td>\n",
       "      <td>0.934090</td>\n",
       "      <td>-0.218812</td>\n",
       "      <td>0.865590</td>\n",
       "      <td>0.641938</td>\n",
       "      <td>0.100051</td>\n",
       "      <td>0.274181</td>\n",
       "      <td>-0.270846</td>\n",
       "      <td>-0.391866</td>\n",
       "      <td>-0.123280</td>\n",
       "    </tr>\n",
       "    <tr>\n",
       "      <th>spec_cent_mean</th>\n",
       "      <td>0.056111</td>\n",
       "      <td>-0.014410</td>\n",
       "      <td>0.032884</td>\n",
       "      <td>-0.269072</td>\n",
       "      <td>0.960550</td>\n",
       "      <td>0.867915</td>\n",
       "      <td>0.778183</td>\n",
       "      <td>0.961621</td>\n",
       "      <td>1.000000</td>\n",
       "      <td>0.949241</td>\n",
       "      <td>0.980516</td>\n",
       "      <td>-0.263530</td>\n",
       "      <td>0.913294</td>\n",
       "      <td>0.673389</td>\n",
       "      <td>0.035677</td>\n",
       "      <td>0.191253</td>\n",
       "      <td>-0.307306</td>\n",
       "      <td>-0.391009</td>\n",
       "      <td>-0.107793</td>\n",
       "    </tr>\n",
       "    <tr>\n",
       "      <th>spec_roll_min</th>\n",
       "      <td>0.094259</td>\n",
       "      <td>-0.055066</td>\n",
       "      <td>0.030881</td>\n",
       "      <td>-0.242488</td>\n",
       "      <td>0.897631</td>\n",
       "      <td>0.843831</td>\n",
       "      <td>0.680857</td>\n",
       "      <td>0.972442</td>\n",
       "      <td>0.949241</td>\n",
       "      <td>1.000000</td>\n",
       "      <td>0.955466</td>\n",
       "      <td>-0.233480</td>\n",
       "      <td>0.859488</td>\n",
       "      <td>0.635152</td>\n",
       "      <td>0.077273</td>\n",
       "      <td>0.244296</td>\n",
       "      <td>-0.286232</td>\n",
       "      <td>-0.398743</td>\n",
       "      <td>-0.139238</td>\n",
       "    </tr>\n",
       "    <tr>\n",
       "      <th>spec_roll_mean</th>\n",
       "      <td>0.073606</td>\n",
       "      <td>-0.029313</td>\n",
       "      <td>0.030706</td>\n",
       "      <td>-0.277964</td>\n",
       "      <td>0.907916</td>\n",
       "      <td>0.819428</td>\n",
       "      <td>0.744371</td>\n",
       "      <td>0.934090</td>\n",
       "      <td>0.980516</td>\n",
       "      <td>0.955466</td>\n",
       "      <td>1.000000</td>\n",
       "      <td>-0.272604</td>\n",
       "      <td>0.883311</td>\n",
       "      <td>0.650991</td>\n",
       "      <td>0.012553</td>\n",
       "      <td>0.161821</td>\n",
       "      <td>-0.313636</td>\n",
       "      <td>-0.386417</td>\n",
       "      <td>-0.118815</td>\n",
       "    </tr>\n",
       "    <tr>\n",
       "      <th>rms_mean</th>\n",
       "      <td>-0.682319</td>\n",
       "      <td>0.563586</td>\n",
       "      <td>-0.031006</td>\n",
       "      <td>0.999582</td>\n",
       "      <td>-0.341082</td>\n",
       "      <td>-0.278190</td>\n",
       "      <td>-0.361614</td>\n",
       "      <td>-0.218812</td>\n",
       "      <td>-0.263530</td>\n",
       "      <td>-0.233480</td>\n",
       "      <td>-0.272604</td>\n",
       "      <td>1.000000</td>\n",
       "      <td>-0.422759</td>\n",
       "      <td>-0.267673</td>\n",
       "      <td>0.890516</td>\n",
       "      <td>0.725681</td>\n",
       "      <td>0.987180</td>\n",
       "      <td>0.871755</td>\n",
       "      <td>0.156008</td>\n",
       "    </tr>\n",
       "    <tr>\n",
       "      <th>flat_mean</th>\n",
       "      <td>0.167315</td>\n",
       "      <td>-0.103509</td>\n",
       "      <td>0.030152</td>\n",
       "      <td>-0.426846</td>\n",
       "      <td>0.944300</td>\n",
       "      <td>0.844382</td>\n",
       "      <td>0.807083</td>\n",
       "      <td>0.865590</td>\n",
       "      <td>0.913294</td>\n",
       "      <td>0.859488</td>\n",
       "      <td>0.883311</td>\n",
       "      <td>-0.422759</td>\n",
       "      <td>1.000000</td>\n",
       "      <td>0.755446</td>\n",
       "      <td>-0.157410</td>\n",
       "      <td>0.004792</td>\n",
       "      <td>-0.451483</td>\n",
       "      <td>-0.495697</td>\n",
       "      <td>-0.034966</td>\n",
       "    </tr>\n",
       "    <tr>\n",
       "      <th>flat_max</th>\n",
       "      <td>0.076394</td>\n",
       "      <td>-0.024777</td>\n",
       "      <td>0.026696</td>\n",
       "      <td>-0.270530</td>\n",
       "      <td>0.690913</td>\n",
       "      <td>0.635537</td>\n",
       "      <td>0.610683</td>\n",
       "      <td>0.641938</td>\n",
       "      <td>0.673389</td>\n",
       "      <td>0.635152</td>\n",
       "      <td>0.650991</td>\n",
       "      <td>-0.267673</td>\n",
       "      <td>0.755446</td>\n",
       "      <td>1.000000</td>\n",
       "      <td>-0.066021</td>\n",
       "      <td>0.040753</td>\n",
       "      <td>-0.294918</td>\n",
       "      <td>-0.339237</td>\n",
       "      <td>-0.030815</td>\n",
       "    </tr>\n",
       "    <tr>\n",
       "      <th>amp_mean</th>\n",
       "      <td>-0.685025</td>\n",
       "      <td>0.633406</td>\n",
       "      <td>-0.018864</td>\n",
       "      <td>0.885145</td>\n",
       "      <td>-0.012928</td>\n",
       "      <td>0.043770</td>\n",
       "      <td>-0.136855</td>\n",
       "      <td>0.100051</td>\n",
       "      <td>0.035677</td>\n",
       "      <td>0.077273</td>\n",
       "      <td>0.012553</td>\n",
       "      <td>0.890516</td>\n",
       "      <td>-0.157410</td>\n",
       "      <td>-0.066021</td>\n",
       "      <td>1.000000</td>\n",
       "      <td>0.876808</td>\n",
       "      <td>0.826123</td>\n",
       "      <td>0.579556</td>\n",
       "      <td>0.033406</td>\n",
       "    </tr>\n",
       "    <tr>\n",
       "      <th>amp_min</th>\n",
       "      <td>-0.532339</td>\n",
       "      <td>0.483020</td>\n",
       "      <td>0.023893</td>\n",
       "      <td>0.716070</td>\n",
       "      <td>0.147664</td>\n",
       "      <td>0.200273</td>\n",
       "      <td>-0.034607</td>\n",
       "      <td>0.274181</td>\n",
       "      <td>0.191253</td>\n",
       "      <td>0.244296</td>\n",
       "      <td>0.161821</td>\n",
       "      <td>0.725681</td>\n",
       "      <td>0.004792</td>\n",
       "      <td>0.040753</td>\n",
       "      <td>0.876808</td>\n",
       "      <td>1.000000</td>\n",
       "      <td>0.663241</td>\n",
       "      <td>0.415233</td>\n",
       "      <td>0.009500</td>\n",
       "    </tr>\n",
       "    <tr>\n",
       "      <th>melspec_mean</th>\n",
       "      <td>-0.656645</td>\n",
       "      <td>0.526345</td>\n",
       "      <td>-0.029315</td>\n",
       "      <td>0.988361</td>\n",
       "      <td>-0.388255</td>\n",
       "      <td>-0.327275</td>\n",
       "      <td>-0.389321</td>\n",
       "      <td>-0.270846</td>\n",
       "      <td>-0.307306</td>\n",
       "      <td>-0.286232</td>\n",
       "      <td>-0.313636</td>\n",
       "      <td>0.987180</td>\n",
       "      <td>-0.451483</td>\n",
       "      <td>-0.294918</td>\n",
       "      <td>0.826123</td>\n",
       "      <td>0.663241</td>\n",
       "      <td>1.000000</td>\n",
       "      <td>0.923657</td>\n",
       "      <td>0.216150</td>\n",
       "    </tr>\n",
       "    <tr>\n",
       "      <th>melspec_std</th>\n",
       "      <td>-0.528052</td>\n",
       "      <td>0.383081</td>\n",
       "      <td>-0.027280</td>\n",
       "      <td>0.878369</td>\n",
       "      <td>-0.495482</td>\n",
       "      <td>-0.457965</td>\n",
       "      <td>-0.418106</td>\n",
       "      <td>-0.391866</td>\n",
       "      <td>-0.391009</td>\n",
       "      <td>-0.398743</td>\n",
       "      <td>-0.386417</td>\n",
       "      <td>0.871755</td>\n",
       "      <td>-0.495697</td>\n",
       "      <td>-0.339237</td>\n",
       "      <td>0.579556</td>\n",
       "      <td>0.415233</td>\n",
       "      <td>0.923657</td>\n",
       "      <td>1.000000</td>\n",
       "      <td>0.249423</td>\n",
       "    </tr>\n",
       "    <tr>\n",
       "      <th>class</th>\n",
       "      <td>-0.106736</td>\n",
       "      <td>0.051917</td>\n",
       "      <td>0.004682</td>\n",
       "      <td>0.158339</td>\n",
       "      <td>-0.096238</td>\n",
       "      <td>-0.089588</td>\n",
       "      <td>-0.066178</td>\n",
       "      <td>-0.123280</td>\n",
       "      <td>-0.107793</td>\n",
       "      <td>-0.139238</td>\n",
       "      <td>-0.118815</td>\n",
       "      <td>0.156008</td>\n",
       "      <td>-0.034966</td>\n",
       "      <td>-0.030815</td>\n",
       "      <td>0.033406</td>\n",
       "      <td>0.009500</td>\n",
       "      <td>0.216150</td>\n",
       "      <td>0.249423</td>\n",
       "      <td>1.000000</td>\n",
       "    </tr>\n",
       "  </tbody>\n",
       "</table>\n",
       "</div>"
      ],
      "text/plain": [
       "                   y_min     y_max    y_mean     y_std  zcr_mean   zcr_min  \\\n",
       "y_min           1.000000 -0.760774  0.005541 -0.690807  0.086183  0.066016   \n",
       "y_max          -0.760774  1.000000 -0.026802  0.572251 -0.027426 -0.008072   \n",
       "y_mean          0.005541 -0.026802  1.000000 -0.030902  0.030700  0.026931   \n",
       "y_std          -0.690807  0.572251 -0.030902  1.000000 -0.347067 -0.285648   \n",
       "zcr_mean        0.086183 -0.027426  0.030700 -0.347067  1.000000  0.906669   \n",
       "zcr_min         0.066016 -0.008072  0.026931 -0.285648  0.906669  1.000000   \n",
       "zcr_max         0.054088 -0.002024  0.020353 -0.362158  0.814481  0.690873   \n",
       "spec_cent_min   0.071843 -0.035272  0.033198 -0.227656  0.932238  0.882361   \n",
       "spec_cent_mean  0.056111 -0.014410  0.032884 -0.269072  0.960550  0.867915   \n",
       "spec_roll_min   0.094259 -0.055066  0.030881 -0.242488  0.897631  0.843831   \n",
       "spec_roll_mean  0.073606 -0.029313  0.030706 -0.277964  0.907916  0.819428   \n",
       "rms_mean       -0.682319  0.563586 -0.031006  0.999582 -0.341082 -0.278190   \n",
       "flat_mean       0.167315 -0.103509  0.030152 -0.426846  0.944300  0.844382   \n",
       "flat_max        0.076394 -0.024777  0.026696 -0.270530  0.690913  0.635537   \n",
       "amp_mean       -0.685025  0.633406 -0.018864  0.885145 -0.012928  0.043770   \n",
       "amp_min        -0.532339  0.483020  0.023893  0.716070  0.147664  0.200273   \n",
       "melspec_mean   -0.656645  0.526345 -0.029315  0.988361 -0.388255 -0.327275   \n",
       "melspec_std    -0.528052  0.383081 -0.027280  0.878369 -0.495482 -0.457965   \n",
       "class          -0.106736  0.051917  0.004682  0.158339 -0.096238 -0.089588   \n",
       "\n",
       "                 zcr_max  spec_cent_min  spec_cent_mean  spec_roll_min  \\\n",
       "y_min           0.054088       0.071843        0.056111       0.094259   \n",
       "y_max          -0.002024      -0.035272       -0.014410      -0.055066   \n",
       "y_mean          0.020353       0.033198        0.032884       0.030881   \n",
       "y_std          -0.362158      -0.227656       -0.269072      -0.242488   \n",
       "zcr_mean        0.814481       0.932238        0.960550       0.897631   \n",
       "zcr_min         0.690873       0.882361        0.867915       0.843831   \n",
       "zcr_max         1.000000       0.684952        0.778183       0.680857   \n",
       "spec_cent_min   0.684952       1.000000        0.961621       0.972442   \n",
       "spec_cent_mean  0.778183       0.961621        1.000000       0.949241   \n",
       "spec_roll_min   0.680857       0.972442        0.949241       1.000000   \n",
       "spec_roll_mean  0.744371       0.934090        0.980516       0.955466   \n",
       "rms_mean       -0.361614      -0.218812       -0.263530      -0.233480   \n",
       "flat_mean       0.807083       0.865590        0.913294       0.859488   \n",
       "flat_max        0.610683       0.641938        0.673389       0.635152   \n",
       "amp_mean       -0.136855       0.100051        0.035677       0.077273   \n",
       "amp_min        -0.034607       0.274181        0.191253       0.244296   \n",
       "melspec_mean   -0.389321      -0.270846       -0.307306      -0.286232   \n",
       "melspec_std    -0.418106      -0.391866       -0.391009      -0.398743   \n",
       "class          -0.066178      -0.123280       -0.107793      -0.139238   \n",
       "\n",
       "                spec_roll_mean  rms_mean  flat_mean  flat_max  amp_mean  \\\n",
       "y_min                 0.073606 -0.682319   0.167315  0.076394 -0.685025   \n",
       "y_max                -0.029313  0.563586  -0.103509 -0.024777  0.633406   \n",
       "y_mean                0.030706 -0.031006   0.030152  0.026696 -0.018864   \n",
       "y_std                -0.277964  0.999582  -0.426846 -0.270530  0.885145   \n",
       "zcr_mean              0.907916 -0.341082   0.944300  0.690913 -0.012928   \n",
       "zcr_min               0.819428 -0.278190   0.844382  0.635537  0.043770   \n",
       "zcr_max               0.744371 -0.361614   0.807083  0.610683 -0.136855   \n",
       "spec_cent_min         0.934090 -0.218812   0.865590  0.641938  0.100051   \n",
       "spec_cent_mean        0.980516 -0.263530   0.913294  0.673389  0.035677   \n",
       "spec_roll_min         0.955466 -0.233480   0.859488  0.635152  0.077273   \n",
       "spec_roll_mean        1.000000 -0.272604   0.883311  0.650991  0.012553   \n",
       "rms_mean             -0.272604  1.000000  -0.422759 -0.267673  0.890516   \n",
       "flat_mean             0.883311 -0.422759   1.000000  0.755446 -0.157410   \n",
       "flat_max              0.650991 -0.267673   0.755446  1.000000 -0.066021   \n",
       "amp_mean              0.012553  0.890516  -0.157410 -0.066021  1.000000   \n",
       "amp_min               0.161821  0.725681   0.004792  0.040753  0.876808   \n",
       "melspec_mean         -0.313636  0.987180  -0.451483 -0.294918  0.826123   \n",
       "melspec_std          -0.386417  0.871755  -0.495697 -0.339237  0.579556   \n",
       "class                -0.118815  0.156008  -0.034966 -0.030815  0.033406   \n",
       "\n",
       "                 amp_min  melspec_mean  melspec_std     class  \n",
       "y_min          -0.532339     -0.656645    -0.528052 -0.106736  \n",
       "y_max           0.483020      0.526345     0.383081  0.051917  \n",
       "y_mean          0.023893     -0.029315    -0.027280  0.004682  \n",
       "y_std           0.716070      0.988361     0.878369  0.158339  \n",
       "zcr_mean        0.147664     -0.388255    -0.495482 -0.096238  \n",
       "zcr_min         0.200273     -0.327275    -0.457965 -0.089588  \n",
       "zcr_max        -0.034607     -0.389321    -0.418106 -0.066178  \n",
       "spec_cent_min   0.274181     -0.270846    -0.391866 -0.123280  \n",
       "spec_cent_mean  0.191253     -0.307306    -0.391009 -0.107793  \n",
       "spec_roll_min   0.244296     -0.286232    -0.398743 -0.139238  \n",
       "spec_roll_mean  0.161821     -0.313636    -0.386417 -0.118815  \n",
       "rms_mean        0.725681      0.987180     0.871755  0.156008  \n",
       "flat_mean       0.004792     -0.451483    -0.495697 -0.034966  \n",
       "flat_max        0.040753     -0.294918    -0.339237 -0.030815  \n",
       "amp_mean        0.876808      0.826123     0.579556  0.033406  \n",
       "amp_min         1.000000      0.663241     0.415233  0.009500  \n",
       "melspec_mean    0.663241      1.000000     0.923657  0.216150  \n",
       "melspec_std     0.415233      0.923657     1.000000  0.249423  \n",
       "class           0.009500      0.216150     0.249423  1.000000  "
      ]
     },
     "execution_count": 3,
     "metadata": {},
     "output_type": "execute_result"
    }
   ],
   "source": [
    "df.corr()"
   ]
  },
  {
   "cell_type": "code",
   "execution_count": 4,
   "metadata": {},
   "outputs": [
    {
     "data": {
      "text/plain": [
       "<AxesSubplot:>"
      ]
     },
     "execution_count": 4,
     "metadata": {},
     "output_type": "execute_result"
    },
    {
     "data": {
