{
 "cells": [
  {
   "cell_type": "code",
   "execution_count": 19,
   "metadata": {},
   "outputs": [],
   "source": [
    "\n",
    "import matplotlib.pyplot as plt\n",
    "import seaborn as sns\n",
    "import pandas as pd\n",
    "import numpy as np\n",
    "\n",
    "\n",
    "from sklearn.metrics import roc_curve, auc,RocCurveDisplay\n",
    "from sklearn.metrics import confusion_matrix\n",
    "from sklearn.ensemble import RandomForestClassifier\n",
    "from sklearn.tree import DecisionTreeClassifier\n",
    "from sklearn.naive_bayes import GaussianNB\n",
    "from sklearn.linear_model import LogisticRegression\n",
    "from sklearn.model_selection import train_test_split\n",
    "from sklearn.preprocessing import StandardScaler\n",
    "from sklearn.svm import SVC\n",
    "from sklearn.pipeline import Pipeline\n",
    "from sklearn.model_selection import cross_val_score\n",
    "import dataframe_image as dfi"
   ]
  },
  {
   "cell_type": "code",
   "execution_count": 20,
   "metadata": {},
   "outputs": [
    {
     "data": {
      "text/html": [
       "<div>\n",
       "<style scoped>\n",
       "    .dataframe tbody tr th:only-of-type {\n",
       "        vertical-align: middle;\n",
       "    }\n",
       "\n",
       "    .dataframe tbody tr th {\n",
       "        vertical-align: top;\n",
       "    }\n",
       "\n",
       "    .dataframe thead th {\n",
       "        text-align: right;\n",
       "    }\n",
       "</style>\n",
       "<table border=\"1\" class=\"dataframe\">\n",
       "  <thead>\n",
       "    <tr style=\"text-align: right;\">\n",
       "      <th></th>\n",
       "      <th>y_min</th>\n",
       "      <th>y_max</th>\n",
       "      <th>y_mean</th>\n",
       "      <th>y_std</th>\n",
       "      <th>zcr_mean</th>\n",
       "      <th>zcr_min</th>\n",
       "      <th>zcr_max</th>\n",
       "      <th>spec_cent_min</th>\n",
       "      <th>spec_cent_mean</th>\n",
       "      <th>spec_roll_min</th>\n",
       "      <th>spec_roll_mean</th>\n",
       "      <th>rms_mean</th>\n",
       "      <th>flat_mean</th>\n",
       "      <th>flat_max</th>\n",
       "      <th>amp_mean</th>\n",
       "      <th>amp_min</th>\n",
       "      <th>melspec_mean</th>\n",
       "      <th>melspec_std</th>\n",
       "      <th>class</th>\n",
       "    </tr>\n",
       "  </thead>\n",
       "  <tbody>\n",
       "    <tr>\n",
       "      <th>0</th>\n",
       "      <td>-0.031029</td>\n",
       "      <td>0.027334</td>\n",
       "      <td>-1.024308e-06</td>\n",
       "      <td>0.005068</td>\n",
       "      <td>0.078320</td>\n",
       "      <td>0.034668</td>\n",
       "      <td>0.109863</td>\n",
       "      <td>1165.865143</td>\n",
       "      <td>1490.294723</td>\n",
       "      <td>2121.020508</td>\n",
       "      <td>3082.195748</td>\n",
       "      <td>0.005032</td>\n",
       "      <td>0.000471</td>\n",
       "      <td>0.005602</td>\n",
       "      <td>0.014499</td>\n",
       "      <td>0.008487</td>\n",
       "      <td>0.005801</td>\n",
       "      <td>0.016070</td>\n",
       "      <td>0</td>\n",
       "    </tr>\n",
       "    <tr>\n",
       "      <th>1</th>\n",
       "      <td>-0.023794</td>\n",
       "      <td>0.034021</td>\n",
       "      <td>-1.678013e-07</td>\n",
       "      <td>0.005452</td>\n",
       "      <td>0.076602</td>\n",
       "      <td>0.041016</td>\n",
       "      <td>0.099609</td>\n",
       "      <td>1161.577508</td>\n",
       "      <td>1493.303706</td>\n",
       "      <td>2077.954102</td>\n",
       "      <td>3209.046798</td>\n",
       "      <td>0.005439</td>\n",
       "      <td>0.000531</td>\n",
       "      <td>0.009019</td>\n",
       "      <td>0.015554</td>\n",
       "      <td>0.010189</td>\n",
       "      <td>0.006715</td>\n",
       "      <td>0.016513</td>\n",
       "      <td>0</td>\n",
       "    </tr>\n",
       "    <tr>\n",
       "      <th>2</th>\n",
       "      <td>-0.022709</td>\n",
       "      <td>0.024207</td>\n",
       "      <td>-1.272001e-06</td>\n",
       "      <td>0.005226</td>\n",
       "      <td>0.067668</td>\n",
       "      <td>0.023438</td>\n",
       "      <td>0.102051</td>\n",
       "      <td>1126.586451</td>\n",
       "      <td>1550.010221</td>\n",
       "      <td>2487.084961</td>\n",
       "      <td>3601.990284</td>\n",
       "      <td>0.005210</td>\n",
       "      <td>0.000490</td>\n",
       "      <td>0.006266</td>\n",
       "      <td>0.014665</td>\n",
       "      <td>0.009572</td>\n",
       "      <td>0.006221</td>\n",
       "      <td>0.022148</td>\n",
       "      <td>0</td>\n",
       "    </tr>\n",
       "    <tr>\n",
       "      <th>3</th>\n",
       "      <td>-0.041376</td>\n",
       "      <td>0.036947</td>\n",
       "      <td>-4.455067e-07</td>\n",
       "      <td>0.005865</td>\n",
       "      <td>0.087245</td>\n",
       "      <td>0.034180</td>\n",
       "      <td>0.125488</td>\n",
       "      <td>1280.874679</td>\n",
       "      <td>1687.839809</td>\n",
       "      <td>2659.350586</td>\n",
       "      <td>3628.844337</td>\n",
       "      <td>0.005834</td>\n",
       "      <td>0.000633</td>\n",
       "      <td>0.006443</td>\n",
       "      <td>0.017364</td>\n",
       "      <td>0.009567</td>\n",
       "      <td>0.007527</td>\n",
       "      <td>0.020909</td>\n",
       "      <td>0</td>\n",
       "    </tr>\n",
       "    <tr>\n",
       "      <th>4</th>\n",
       "      <td>-0.022065</td>\n",
       "      <td>0.022523</td>\n",
       "      <td>-6.515116e-07</td>\n",
       "      <td>0.005028</td>\n",
       "      <td>0.083796</td>\n",
       "      <td>0.037109</td>\n",
       "      <td>0.116699</td>\n",
       "      <td>1362.509464</td>\n",
       "      <td>1713.623128</td>\n",
       "      <td>2896.215820</td>\n",
       "      <td>3777.728201</td>\n",
       "      <td>0.004999</td>\n",
       "      <td>0.000673</td>\n",
       "      <td>0.015977</td>\n",
       "      <td>0.014255</td>\n",
       "      <td>0.009090</td>\n",
       "      <td>0.005714</td>\n",
       "      <td>0.018559</td>\n",
       "      <td>0</td>\n",
       "    </tr>\n",
       "    <tr>\n",
       "      <th>...</th>\n",
       "      <td>...</td>\n",
       "      <td>...</td>\n",
       "      <td>...</td>\n",
       "      <td>...</td>\n",
       "      <td>...</td>\n",
       "      <td>...</td>\n",
       "      <td>...</td>\n",
       "      <td>...</td>\n",
       "      <td>...</td>\n",
       "      <td>...</td>\n",
       "      <td>...</td>\n",
       "      <td>...</td>\n",
       "      <td>...</td>\n",
       "      <td>...</td>\n",
       "      <td>...</td>\n",
       "      <td>...</td>\n",
       "      <td>...</td>\n",
       "      <td>...</td>\n",
       "      <td>...</td>\n",
       "    </tr>\n",
       "    <tr>\n",
       "      <th>4200</th>\n",
       "      <td>-0.025621</td>\n",
       "      <td>0.030286</td>\n",
       "      <td>7.304396e-07</td>\n",
       "      <td>0.006415</td>\n",
       "      <td>0.047613</td>\n",
       "      <td>0.030762</td>\n",
       "      <td>0.060547</td>\n",
       "      <td>831.382020</td>\n",
       "      <td>955.095249</td>\n",
       "      <td>1475.024414</td>\n",
       "      <td>1724.005198</td>\n",
       "      <td>0.006401</td>\n",
       "      <td>0.000134</td>\n",
       "      <td>0.004156</td>\n",
       "      <td>0.018289</td>\n",
       "      <td>0.012679</td>\n",
       "      <td>0.009595</td>\n",
       "      <td>0.029327</td>\n",
       "      <td>1</td>\n",
       "    </tr>\n",
       "    <tr>\n",
       "      <th>4201</th>\n",
       "      <td>-0.023036</td>\n",
       "      <td>0.024485</td>\n",
       "      <td>8.724922e-07</td>\n",
       "      <td>0.005720</td>\n",
       "      <td>0.062881</td>\n",
       "      <td>0.028809</td>\n",
       "      <td>0.077148</td>\n",
       "      <td>1153.992528</td>\n",
       "      <td>1323.722595</td>\n",
       "      <td>2099.487305</td>\n",
       "      <td>2698.744857</td>\n",
       "      <td>0.005694</td>\n",
       "      <td>0.000268</td>\n",
       "      <td>0.001462</td>\n",
       "      <td>0.015907</td>\n",
       "      <td>0.011067</td>\n",
       "      <td>0.007607</td>\n",
       "      <td>0.026567</td>\n",
       "      <td>1</td>\n",
       "    </tr>\n",
       "    <tr>\n",
       "      <th>4202</th>\n",
       "      <td>-0.025435</td>\n",
       "      <td>0.022700</td>\n",
       "      <td>8.370220e-07</td>\n",
       "      <td>0.005391</td>\n",
       "      <td>0.054393</td>\n",
       "      <td>0.027344</td>\n",
       "      <td>0.070312</td>\n",
       "      <td>950.913833</td>\n",
       "      <td>1112.240146</td>\n",
       "      <td>1625.756836</td>\n",
       "      <td>2077.029823</td>\n",
       "      <td>0.005380</td>\n",
       "      <td>0.000218</td>\n",
       "      <td>0.006294</td>\n",
       "      <td>0.014772</td>\n",
       "      <td>0.009108</td>\n",
       "      <td>0.006694</td>\n",
       "      <td>0.020881</td>\n",
       "      <td>1</td>\n",
       "    </tr>\n",
       "    <tr>\n",
       "      <th>4203</th>\n",
       "      <td>-0.031274</td>\n",
       "      <td>0.036353</td>\n",
       "      <td>-1.447976e-06</td>\n",
       "      <td>0.007354</td>\n",
       "      <td>0.055375</td>\n",
       "      <td>0.032715</td>\n",
       "      <td>0.072266</td>\n",
       "      <td>943.627121</td>\n",
       "      <td>1055.524084</td>\n",
       "      <td>1593.457031</td>\n",
       "      <td>1941.910222</td>\n",
       "      <td>0.007336</td>\n",
       "      <td>0.000174</td>\n",
       "      <td>0.008195</td>\n",
       "      <td>0.020405</td>\n",
       "      <td>0.011445</td>\n",
       "      <td>0.012545</td>\n",
       "      <td>0.032016</td>\n",
       "      <td>1</td>\n",
       "    </tr>\n",
       "    <tr>\n",
       "      <th>4204</th>\n",
       "      <td>-0.078873</td>\n",
       "      <td>0.098746</td>\n",
       "      <td>-1.570269e-06</td>\n",
       "      <td>0.012415</td>\n",
       "      <td>0.077470</td>\n",
       "      <td>0.044434</td>\n",
       "      <td>0.103516</td>\n",
       "      <td>1373.757763</td>\n",
       "      <td>1614.773194</td>\n",
       "      <td>2691.650391</td>\n",
       "      <td>3440.716085</td>\n",
       "      <td>0.012154</td>\n",
       "      <td>0.000382</td>\n",
       "      <td>0.008900</td>\n",
       "      <td>0.034720</td>\n",
       "      <td>0.017946</td>\n",
       "      <td>0.035138</td>\n",
       "      <td>0.126347</td>\n",
       "      <td>1</td>\n",
       "    </tr>\n",
       "  </tbody>\n",
       "</table>\n",
       "<p>4205 rows × 19 columns</p>\n",
       "</div>"
      ],
      "text/plain": [
       "         y_min     y_max        y_mean     y_std  zcr_mean   zcr_min  \\\n",
       "0    -0.031029  0.027334 -1.024308e-06  0.005068  0.078320  0.034668   \n",
       "1    -0.023794  0.034021 -1.678013e-07  0.005452  0.076602  0.041016   \n",
       "2    -0.022709  0.024207 -1.272001e-06  0.005226  0.067668  0.023438   \n",
       "3    -0.041376  0.036947 -4.455067e-07  0.005865  0.087245  0.034180   \n",
       "4    -0.022065  0.022523 -6.515116e-07  0.005028  0.083796  0.037109   \n",
       "...        ...       ...           ...       ...       ...       ...   \n",
       "4200 -0.025621  0.030286  7.304396e-07  0.006415  0.047613  0.030762   \n",
       "4201 -0.023036  0.024485  8.724922e-07  0.005720  0.062881  0.028809   \n",
       "4202 -0.025435  0.022700  8.370220e-07  0.005391  0.054393  0.027344   \n",
       "4203 -0.031274  0.036353 -1.447976e-06  0.007354  0.055375  0.032715   \n",
       "4204 -0.078873  0.098746 -1.570269e-06  0.012415  0.077470  0.044434   \n",
       "\n",
       "       zcr_max  spec_cent_min  spec_cent_mean  spec_roll_min  spec_roll_mean  \\\n",
       "0     0.109863    1165.865143     1490.294723    2121.020508     3082.195748   \n",
       "1     0.099609    1161.577508     1493.303706    2077.954102     3209.046798   \n",
       "2     0.102051    1126.586451     1550.010221    2487.084961     3601.990284   \n",
       "3     0.125488    1280.874679     1687.839809    2659.350586     3628.844337   \n",
       "4     0.116699    1362.509464     1713.623128    2896.215820     3777.728201   \n",
       "...        ...            ...             ...            ...             ...   \n",
       "4200  0.060547     831.382020      955.095249    1475.024414     1724.005198   \n",
       "4201  0.077148    1153.992528     1323.722595    2099.487305     2698.744857   \n",
       "4202  0.070312     950.913833     1112.240146    1625.756836     2077.029823   \n",
       "4203  0.072266     943.627121     1055.524084    1593.457031     1941.910222   \n",
       "4204  0.103516    1373.757763     1614.773194    2691.650391     3440.716085   \n",
       "\n",
       "      rms_mean  flat_mean  flat_max  amp_mean   amp_min  melspec_mean  \\\n",
       "0     0.005032   0.000471  0.005602  0.014499  0.008487      0.005801   \n",
       "1     0.005439   0.000531  0.009019  0.015554  0.010189      0.006715   \n",
       "2     0.005210   0.000490  0.006266  0.014665  0.009572      0.006221   \n",
       "3     0.005834   0.000633  0.006443  0.017364  0.009567      0.007527   \n",
       "4     0.004999   0.000673  0.015977  0.014255  0.009090      0.005714   \n",
       "...        ...        ...       ...       ...       ...           ...   \n",
       "4200  0.006401   0.000134  0.004156  0.018289  0.012679      0.009595   \n",
       "4201  0.005694   0.000268  0.001462  0.015907  0.011067      0.007607   \n",
       "4202  0.005380   0.000218  0.006294  0.014772  0.009108      0.006694   \n",
       "4203  0.007336   0.000174  0.008195  0.020405  0.011445      0.012545   \n",
       "4204  0.012154   0.000382  0.008900  0.034720  0.017946      0.035138   \n",
       "\n",
       "      melspec_std  class  \n",
       "0        0.016070      0  \n",
       "1        0.016513      0  \n",
       "2        0.022148      0  \n",
       "3        0.020909      0  \n",
       "4        0.018559      0  \n",
       "...           ...    ...  \n",
       "4200     0.029327      1  \n",
       "4201     0.026567      1  \n",
       "4202     0.020881      1  \n",
       "4203     0.032016      1  \n",
       "4204     0.126347      1  \n",
       "\n",
       "[4205 rows x 19 columns]"
      ]
     },
     "execution_count": 20,
     "metadata": {},
     "output_type": "execute_result"
    }
   ],
   "source": [
    "df = pd.read_csv(\"../Dataset/pump_features.csv\").iloc[:,1:]\n",
    "df"
   ]
  },
  {
   "cell_type": "code",
   "execution_count": 21,
   "metadata": {},
   "outputs": [
    {
     "data": {
      "text/html": [
       "<div>\n",
       "<style scoped>\n",
       "    .dataframe tbody tr th:only-of-type {\n",
       "        vertical-align: middle;\n",
       "    }\n",
       "\n",
       "    .dataframe tbody tr th {\n",
       "        vertical-align: top;\n",
       "    }\n",
       "\n",
       "    .dataframe thead th {\n",
       "        text-align: right;\n",
       "    }\n",
       "</style>\n",
       "<table border=\"1\" class=\"dataframe\">\n",
       "  <thead>\n",
       "    <tr style=\"text-align: right;\">\n",
       "      <th></th>\n",
       "      <th>y_min</th>\n",
       "      <th>y_max</th>\n",
       "      <th>y_mean</th>\n",
       "      <th>y_std</th>\n",
       "      <th>zcr_mean</th>\n",
       "      <th>zcr_min</th>\n",
       "      <th>zcr_max</th>\n",
       "      <th>spec_cent_min</th>\n",
       "      <th>spec_cent_mean</th>\n",
       "      <th>spec_roll_min</th>\n",
       "      <th>spec_roll_mean</th>\n",
       "      <th>rms_mean</th>\n",
       "      <th>flat_mean</th>\n",
       "      <th>flat_max</th>\n",
       "      <th>amp_mean</th>\n",
       "      <th>amp_min</th>\n",
       "      <th>melspec_mean</th>\n",
       "      <th>melspec_std</th>\n",
       "      <th>class</th>\n",
       "    </tr>\n",
       "  </thead>\n",
       "  <tbody>\n",
       "    <tr>\n",
       "      <th>y_min</th>\n",
       "      <td>1.000000</td>\n",
       "      <td>-0.921312</td>\n",
       "      <td>-0.069737</td>\n",
       "      <td>-0.649857</td>\n",
       "      <td>-0.025503</td>\n",
       "      <td>-0.002136</td>\n",
       "      <td>-0.089512</td>\n",
       "      <td>0.089796</td>\n",
       "      <td>-0.039805</td>\n",
       "      <td>0.121478</td>\n",
       "      <td>-0.031159</td>\n",
       "      <td>-0.615371</td>\n",
       "      <td>-0.008264</td>\n",
       "      <td>-0.061050</td>\n",
       "      <td>-0.683018</td>\n",
       "      <td>-0.367378</td>\n",
       "      <td>-0.649745</td>\n",
       "      <td>-0.644748</td>\n",
       "      <td>-0.359156</td>\n",
       "    </tr>\n",
       "    <tr>\n",
       "      <th>y_max</th>\n",
       "      <td>-0.921312</td>\n",
       "      <td>1.000000</td>\n",
       "      <td>0.096032</td>\n",
       "      <td>0.703414</td>\n",
       "      <td>0.027173</td>\n",
       "      <td>0.000365</td>\n",
       "      <td>0.098099</td>\n",
       "      <td>-0.100812</td>\n",
       "      <td>0.042969</td>\n",
       "      <td>-0.137347</td>\n",
       "      <td>0.034556</td>\n",
       "      <td>0.667903</td>\n",
       "      <td>0.012543</td>\n",
       "      <td>0.081053</td>\n",
       "      <td>0.749002</td>\n",
       "      <td>0.404159</td>\n",
       "      <td>0.708634</td>\n",
       "      <td>0.703564</td>\n",
       "      <td>0.386973</td>\n",
       "    </tr>\n",
       "    <tr>\n",
       "      <th>y_mean</th>\n",
       "      <td>-0.069737</td>\n",
       "      <td>0.096032</td>\n",
       "      <td>1.000000</td>\n",
       "      <td>0.012563</td>\n",
       "      <td>0.282395</td>\n",
       "      <td>0.265292</td>\n",
       "      <td>0.261893</td>\n",
       "      <td>0.262024</td>\n",
       "      <td>0.292046</td>\n",
       "      <td>0.240325</td>\n",
       "      <td>0.286046</td>\n",
       "      <td>0.006590</td>\n",
       "      <td>0.252551</td>\n",
       "      <td>0.202865</td>\n",
       "      <td>0.115010</td>\n",
       "      <td>0.151462</td>\n",
       "      <td>0.003911</td>\n",
       "      <td>-0.021946</td>\n",
       "      <td>0.089914</td>\n",
       "    </tr>\n",
       "    <tr>\n",
       "      <th>y_std</th>\n",
       "      <td>-0.649857</td>\n",
       "      <td>0.703414</td>\n",
       "      <td>0.012563</td>\n",
       "      <td>1.000000</td>\n",
       "      <td>-0.158061</td>\n",
       "      <td>-0.151897</td>\n",
       "      <td>-0.188030</td>\n",
       "      <td>-0.212387</td>\n",
       "      <td>-0.176696</td>\n",
       "      <td>-0.223001</td>\n",
       "      <td>-0.191369</td>\n",
       "      <td>0.996493</td>\n",
       "      <td>-0.277940</td>\n",
       "      <td>-0.117152</td>\n",
       "      <td>0.960877</td>\n",
       "      <td>0.711942</td>\n",
       "      <td>0.975177</td>\n",
       "      <td>0.881522</td>\n",
       "      <td>0.446353</td>\n",
       "    </tr>\n",
       "    <tr>\n",
       "      <th>zcr_mean</th>\n",
       "      <td>-0.025503</td>\n",
       "      <td>0.027173</td>\n",
       "      <td>0.282395</td>\n",
       "      <td>-0.158061</td>\n",
       "      <td>1.000000</td>\n",
       "      <td>0.932000</td>\n",
       "      <td>0.889069</td>\n",
       "      <td>0.933548</td>\n",
       "      <td>0.960438</td>\n",
       "      <td>0.891587</td>\n",
       "      <td>0.902546</td>\n",
       "      <td>-0.172823</td>\n",
       "      <td>0.914369</td>\n",
       "      <td>0.686721</td>\n",
       "      <td>0.055187</td>\n",
       "      <td>0.199017</td>\n",
       "      <td>-0.203722</td>\n",
       "      <td>-0.205646</td>\n",
       "      <td>0.103197</td>\n",
       "    </tr>\n",
       "    <tr>\n",
       "      <th>zcr_min</th>\n",
       "      <td>-0.002136</td>\n",
       "      <td>0.000365</td>\n",
       "      <td>0.265292</td>\n",
       "      <td>-0.151897</td>\n",
       "      <td>0.932000</td>\n",
       "      <td>1.000000</td>\n",
       "      <td>0.805316</td>\n",
       "      <td>0.898573</td>\n",
       "      <td>0.895623</td>\n",
       "      <td>0.855165</td>\n",
       "      <td>0.842321</td>\n",
       "      <td>-0.161428</td>\n",
       "      <td>0.848938</td>\n",
       "      <td>0.646491</td>\n",
       "      <td>0.050708</td>\n",
       "      <td>0.212427</td>\n",
       "      <td>-0.195895</td>\n",
       "      <td>-0.213647</td>\n",
       "      <td>0.082238</td>\n",
       "    </tr>\n",
       "    <tr>\n",
       "      <th>zcr_max</th>\n",
       "      <td>-0.089512</td>\n",
       "      <td>0.098099</td>\n",
       "      <td>0.261893</td>\n",
       "      <td>-0.188030</td>\n",
       "      <td>0.889069</td>\n",
       "      <td>0.805316</td>\n",
       "      <td>1.000000</td>\n",
       "      <td>0.782695</td>\n",
       "      <td>0.873543</td>\n",
       "      <td>0.756215</td>\n",
       "      <td>0.835237</td>\n",
       "      <td>-0.210958</td>\n",
       "      <td>0.854520</td>\n",
       "      <td>0.636725</td>\n",
       "      <td>0.012750</td>\n",
       "      <td>0.060497</td>\n",
       "      <td>-0.214449</td>\n",
       "      <td>-0.190286</td>\n",
       "      <td>0.064419</td>\n",
       "    </tr>\n",
       "    <tr>\n",
       "      <th>spec_cent_min</th>\n",
       "      <td>0.089796</td>\n",
       "      <td>-0.100812</td>\n",
       "      <td>0.262024</td>\n",
       "      <td>-0.212387</td>\n",
       "      <td>0.933548</td>\n",
       "      <td>0.898573</td>\n",
       "      <td>0.782695</td>\n",
       "      <td>1.000000</td>\n",
       "      <td>0.951442</td>\n",
       "      <td>0.972215</td>\n",
       "      <td>0.923876</td>\n",
       "      <td>-0.216232</td>\n",
       "      <td>0.847772</td>\n",
       "      <td>0.644093</td>\n",
       "      <td>-0.016630</td>\n",
       "      <td>0.211924</td>\n",
       "      <td>-0.253675</td>\n",
       "      <td>-0.261449</td>\n",
       "      <td>0.027408</td>\n",
       "    </tr>\n",
       "    <tr>\n",
       "      <th>spec_cent_mean</th>\n",
       "      <td>-0.039805</td>\n",
       "      <td>0.042969</td>\n",
       "      <td>0.292046</td>\n",
       "      <td>-0.176696</td>\n",
       "      <td>0.960438</td>\n",
       "      <td>0.895623</td>\n",
       "      <td>0.873543</td>\n",
       "      <td>0.951442</td>\n",
       "      <td>1.000000</td>\n",
       "      <td>0.925228</td>\n",
       "      <td>0.979792</td>\n",
       "      <td>-0.193530</td>\n",
       "      <td>0.916116</td>\n",
       "      <td>0.694130</td>\n",
       "      <td>0.036110</td>\n",
       "      <td>0.163274</td>\n",
       "      <td>-0.210256</td>\n",
       "      <td>-0.190257</td>\n",
       "      <td>0.062948</td>\n",
       "    </tr>\n",
       "    <tr>\n",
       "      <th>spec_roll_min</th>\n",
       "      <td>0.121478</td>\n",
       "      <td>-0.137347</td>\n",
       "      <td>0.240325</td>\n",
       "      <td>-0.223001</td>\n",
       "      <td>0.891587</td>\n",
       "      <td>0.855165</td>\n",
       "      <td>0.756215</td>\n",
       "      <td>0.972215</td>\n",
       "      <td>0.925228</td>\n",
       "      <td>1.000000</td>\n",
       "      <td>0.925816</td>\n",
       "      <td>-0.224016</td>\n",
       "      <td>0.806670</td>\n",
       "      <td>0.617177</td>\n",
       "      <td>-0.038021</td>\n",
       "      <td>0.204413</td>\n",
       "      <td>-0.271094</td>\n",
       "      <td>-0.278642</td>\n",
       "      <td>-0.004405</td>\n",
       "    </tr>\n",
       "    <tr>\n",
       "      <th>spec_roll_mean</th>\n",
       "      <td>-0.031159</td>\n",
       "      <td>0.034556</td>\n",
       "      <td>0.286046</td>\n",
       "      <td>-0.191369</td>\n",
       "      <td>0.902546</td>\n",
       "      <td>0.842321</td>\n",
       "      <td>0.835237</td>\n",
       "      <td>0.923876</td>\n",
       "      <td>0.979792</td>\n",
       "      <td>0.925816</td>\n",
       "      <td>1.000000</td>\n",
       "      <td>-0.207750</td>\n",
       "      <td>0.868147</td>\n",
       "      <td>0.662985</td>\n",
       "      <td>0.016465</td>\n",
       "      <td>0.139687</td>\n",
       "      <td>-0.219942</td>\n",
       "      <td>-0.195805</td>\n",
       "      <td>0.023528</td>\n",
       "    </tr>\n",
       "    <tr>\n",
       "      <th>rms_mean</th>\n",
       "      <td>-0.615371</td>\n",
       "      <td>0.667903</td>\n",
       "      <td>0.006590</td>\n",
       "      <td>0.996493</td>\n",
       "      <td>-0.172823</td>\n",
       "      <td>-0.161428</td>\n",
       "      <td>-0.210958</td>\n",
       "      <td>-0.216232</td>\n",
       "      <td>-0.193530</td>\n",
       "      <td>-0.224016</td>\n",
       "      <td>-0.207750</td>\n",
       "      <td>1.000000</td>\n",
       "      <td>-0.300039</td>\n",
       "      <td>-0.132563</td>\n",
       "      <td>0.956744</td>\n",
       "      <td>0.738795</td>\n",
       "      <td>0.964377</td>\n",
       "      <td>0.847775</td>\n",
       "      <td>0.433178</td>\n",
       "    </tr>\n",
       "    <tr>\n",
       "      <th>flat_mean</th>\n",
       "      <td>-0.008264</td>\n",
       "      <td>0.012543</td>\n",
       "      <td>0.252551</td>\n",
       "      <td>-0.277940</td>\n",
       "      <td>0.914369</td>\n",
       "      <td>0.848938</td>\n",
       "      <td>0.854520</td>\n",
       "      <td>0.847772</td>\n",
       "      <td>0.916116</td>\n",
       "      <td>0.806670</td>\n",
       "      <td>0.868147</td>\n",
       "      <td>-0.300039</td>\n",
       "      <td>1.000000</td>\n",
       "      <td>0.753582</td>\n",
       "      <td>-0.075900</td>\n",
       "      <td>0.000344</td>\n",
       "      <td>-0.281766</td>\n",
       "      <td>-0.256092</td>\n",
       "      <td>0.049926</td>\n",
       "    </tr>\n",
       "    <tr>\n",
       "      <th>flat_max</th>\n",
       "      <td>-0.061050</td>\n",
       "      <td>0.081053</td>\n",
       "      <td>0.202865</td>\n",
       "      <td>-0.117152</td>\n",
       "      <td>0.686721</td>\n",
       "      <td>0.646491</td>\n",
       "      <td>0.636725</td>\n",
       "      <td>0.644093</td>\n",
       "      <td>0.694130</td>\n",
       "      <td>0.617177</td>\n",
       "      <td>0.662985</td>\n",
       "      <td>-0.132563</td>\n",
       "      <td>0.753582</td>\n",
       "      <td>1.000000</td>\n",
       "      <td>0.039371</td>\n",
       "      <td>0.092685</td>\n",
       "      <td>-0.135275</td>\n",
       "      <td>-0.125026</td>\n",
       "      <td>0.080119</td>\n",
       "    </tr>\n",
       "    <tr>\n",
       "      <th>amp_mean</th>\n",
       "      <td>-0.683018</td>\n",
       "      <td>0.749002</td>\n",
       "      <td>0.115010</td>\n",
       "      <td>0.960877</td>\n",
       "      <td>0.055187</td>\n",
       "      <td>0.050708</td>\n",
       "      <td>0.012750</td>\n",
       "      <td>-0.016630</td>\n",
       "      <td>0.036110</td>\n",
       "      <td>-0.038021</td>\n",
       "      <td>0.016465</td>\n",
       "      <td>0.956744</td>\n",
       "      <td>-0.075900</td>\n",
       "      <td>0.039371</td>\n",
       "      <td>1.000000</td>\n",
       "      <td>0.777311</td>\n",
       "      <td>0.928916</td>\n",
       "      <td>0.798694</td>\n",
       "      <td>0.491441</td>\n",
       "    </tr>\n",
       "    <tr>\n",
       "      <th>amp_min</th>\n",
       "      <td>-0.367378</td>\n",
       "      <td>0.404159</td>\n",
       "      <td>0.151462</td>\n",
       "      <td>0.711942</td>\n",
       "      <td>0.199017</td>\n",
       "      <td>0.212427</td>\n",
       "      <td>0.060497</td>\n",
       "      <td>0.211924</td>\n",
       "      <td>0.163274</td>\n",
       "      <td>0.204413</td>\n",
       "      <td>0.139687</td>\n",
       "      <td>0.738795</td>\n",
       "      <td>0.000344</td>\n",
       "      <td>0.092685</td>\n",
       "      <td>0.777311</td>\n",
       "      <td>1.000000</td>\n",
       "      <td>0.620222</td>\n",
       "      <td>0.440248</td>\n",
       "      <td>0.345665</td>\n",
       "    </tr>\n",
       "    <tr>\n",
       "      <th>melspec_mean</th>\n",
       "      <td>-0.649745</td>\n",
       "      <td>0.708634</td>\n",
       "      <td>0.003911</td>\n",
       "      <td>0.975177</td>\n",
       "      <td>-0.203722</td>\n",
       "      <td>-0.195895</td>\n",
       "      <td>-0.214449</td>\n",
       "      <td>-0.253675</td>\n",
       "      <td>-0.210256</td>\n",
       "      <td>-0.271094</td>\n",
       "      <td>-0.219942</td>\n",
       "      <td>0.964377</td>\n",
       "      <td>-0.281766</td>\n",
       "      <td>-0.135275</td>\n",
       "      <td>0.928916</td>\n",
       "      <td>0.620222</td>\n",
       "      <td>1.000000</td>\n",
       "      <td>0.912830</td>\n",
       "      <td>0.442739</td>\n",
       "    </tr>\n",
       "    <tr>\n",
       "      <th>melspec_std</th>\n",
       "      <td>-0.644748</td>\n",
       "      <td>0.703564</td>\n",
       "      <td>-0.021946</td>\n",
       "      <td>0.881522</td>\n",
       "      <td>-0.205646</td>\n",
       "      <td>-0.213647</td>\n",
       "      <td>-0.190286</td>\n",
       "      <td>-0.261449</td>\n",
       "      <td>-0.190257</td>\n",
       "      <td>-0.278642</td>\n",
       "      <td>-0.195805</td>\n",
       "      <td>0.847775</td>\n",
       "      <td>-0.256092</td>\n",
       "      <td>-0.125026</td>\n",
       "      <td>0.798694</td>\n",
       "      <td>0.440248</td>\n",
       "      <td>0.912830</td>\n",
       "      <td>1.000000</td>\n",
       "      <td>0.390713</td>\n",
       "    </tr>\n",
       "    <tr>\n",
       "      <th>class</th>\n",
       "      <td>-0.359156</td>\n",
       "      <td>0.386973</td>\n",
       "      <td>0.089914</td>\n",
       "      <td>0.446353</td>\n",
       "      <td>0.103197</td>\n",
       "      <td>0.082238</td>\n",
       "      <td>0.064419</td>\n",
       "      <td>0.027408</td>\n",
       "      <td>0.062948</td>\n",
       "      <td>-0.004405</td>\n",
       "      <td>0.023528</td>\n",
       "      <td>0.433178</td>\n",
       "      <td>0.049926</td>\n",
       "      <td>0.080119</td>\n",
       "      <td>0.491441</td>\n",
       "      <td>0.345665</td>\n",
       "      <td>0.442739</td>\n",
       "      <td>0.390713</td>\n",
       "      <td>1.000000</td>\n",
       "    </tr>\n",
       "  </tbody>\n",
       "</table>\n",
       "</div>"
      ],
      "text/plain": [
       "                   y_min     y_max    y_mean     y_std  zcr_mean   zcr_min  \\\n",
       "y_min           1.000000 -0.921312 -0.069737 -0.649857 -0.025503 -0.002136   \n",
       "y_max          -0.921312  1.000000  0.096032  0.703414  0.027173  0.000365   \n",
       "y_mean         -0.069737  0.096032  1.000000  0.012563  0.282395  0.265292   \n",
       "y_std          -0.649857  0.703414  0.012563  1.000000 -0.158061 -0.151897   \n",
       "zcr_mean       -0.025503  0.027173  0.282395 -0.158061  1.000000  0.932000   \n",
       "zcr_min        -0.002136  0.000365  0.265292 -0.151897  0.932000  1.000000   \n",
       "zcr_max        -0.089512  0.098099  0.261893 -0.188030  0.889069  0.805316   \n",
       "spec_cent_min   0.089796 -0.100812  0.262024 -0.212387  0.933548  0.898573   \n",
       "spec_cent_mean -0.039805  0.042969  0.292046 -0.176696  0.960438  0.895623   \n",
       "spec_roll_min   0.121478 -0.137347  0.240325 -0.223001  0.891587  0.855165   \n",
       "spec_roll_mean -0.031159  0.034556  0.286046 -0.191369  0.902546  0.842321   \n",
       "rms_mean       -0.615371  0.667903  0.006590  0.996493 -0.172823 -0.161428   \n",
       "flat_mean      -0.008264  0.012543  0.252551 -0.277940  0.914369  0.848938   \n",
       "flat_max       -0.061050  0.081053  0.202865 -0.117152  0.686721  0.646491   \n",
       "amp_mean       -0.683018  0.749002  0.115010  0.960877  0.055187  0.050708   \n",
       "amp_min        -0.367378  0.404159  0.151462  0.711942  0.199017  0.212427   \n",
       "melspec_mean   -0.649745  0.708634  0.003911  0.975177 -0.203722 -0.195895   \n",
       "melspec_std    -0.644748  0.703564 -0.021946  0.881522 -0.205646 -0.213647   \n",
       "class          -0.359156  0.386973  0.089914  0.446353  0.103197  0.082238   \n",
       "\n",
       "                 zcr_max  spec_cent_min  spec_cent_mean  spec_roll_min  \\\n",
       "y_min          -0.089512       0.089796       -0.039805       0.121478   \n",
       "y_max           0.098099      -0.100812        0.042969      -0.137347   \n",
       "y_mean          0.261893       0.262024        0.292046       0.240325   \n",
       "y_std          -0.188030      -0.212387       -0.176696      -0.223001   \n",
       "zcr_mean        0.889069       0.933548        0.960438       0.891587   \n",
       "zcr_min         0.805316       0.898573        0.895623       0.855165   \n",
       "zcr_max         1.000000       0.782695        0.873543       0.756215   \n",
       "spec_cent_min   0.782695       1.000000        0.951442       0.972215   \n",
       "spec_cent_mean  0.873543       0.951442        1.000000       0.925228   \n",
       "spec_roll_min   0.756215       0.972215        0.925228       1.000000   \n",
       "spec_roll_mean  0.835237       0.923876        0.979792       0.925816   \n",
       "rms_mean       -0.210958      -0.216232       -0.193530      -0.224016   \n",
       "flat_mean       0.854520       0.847772        0.916116       0.806670   \n",
       "flat_max        0.636725       0.644093        0.694130       0.617177   \n",
       "amp_mean        0.012750      -0.016630        0.036110      -0.038021   \n",
       "amp_min         0.060497       0.211924        0.163274       0.204413   \n",
       "melspec_mean   -0.214449      -0.253675       -0.210256      -0.271094   \n",
       "melspec_std    -0.190286      -0.261449       -0.190257      -0.278642   \n",
       "class           0.064419       0.027408        0.062948      -0.004405   \n",
       "\n",
       "                spec_roll_mean  rms_mean  flat_mean  flat_max  amp_mean  \\\n",
       "y_min                -0.031159 -0.615371  -0.008264 -0.061050 -0.683018   \n",
       "y_max                 0.034556  0.667903   0.012543  0.081053  0.749002   \n",
       "y_mean                0.286046  0.006590   0.252551  0.202865  0.115010   \n",
       "y_std                -0.191369  0.996493  -0.277940 -0.117152  0.960877   \n",
       "zcr_mean              0.902546 -0.172823   0.914369  0.686721  0.055187   \n",
       "zcr_min               0.842321 -0.161428   0.848938  0.646491  0.050708   \n",
       "zcr_max               0.835237 -0.210958   0.854520  0.636725  0.012750   \n",
       "spec_cent_min         0.923876 -0.216232   0.847772  0.644093 -0.016630   \n",
       "spec_cent_mean        0.979792 -0.193530   0.916116  0.694130  0.036110   \n",
       "spec_roll_min         0.925816 -0.224016   0.806670  0.617177 -0.038021   \n",
       "spec_roll_mean        1.000000 -0.207750   0.868147  0.662985  0.016465   \n",
       "rms_mean             -0.207750  1.000000  -0.300039 -0.132563  0.956744   \n",
       "flat_mean             0.868147 -0.300039   1.000000  0.753582 -0.075900   \n",
       "flat_max              0.662985 -0.132563   0.753582  1.000000  0.039371   \n",
       "amp_mean              0.016465  0.956744  -0.075900  0.039371  1.000000   \n",
       "amp_min               0.139687  0.738795   0.000344  0.092685  0.777311   \n",
       "melspec_mean         -0.219942  0.964377  -0.281766 -0.135275  0.928916   \n",
       "melspec_std          -0.195805  0.847775  -0.256092 -0.125026  0.798694   \n",
       "class                 0.023528  0.433178   0.049926  0.080119  0.491441   \n",
       "\n",
       "                 amp_min  melspec_mean  melspec_std     class  \n",
       "y_min          -0.367378     -0.649745    -0.644748 -0.359156  \n",
       "y_max           0.404159      0.708634     0.703564  0.386973  \n",
       "y_mean          0.151462      0.003911    -0.021946  0.089914  \n",
       "y_std           0.711942      0.975177     0.881522  0.446353  \n",
       "zcr_mean        0.199017     -0.203722    -0.205646  0.103197  \n",
       "zcr_min         0.212427     -0.195895    -0.213647  0.082238  \n",
       "zcr_max         0.060497     -0.214449    -0.190286  0.064419  \n",
       "spec_cent_min   0.211924     -0.253675    -0.261449  0.027408  \n",
       "spec_cent_mean  0.163274     -0.210256    -0.190257  0.062948  \n",
       "spec_roll_min   0.204413     -0.271094    -0.278642 -0.004405  \n",
       "spec_roll_mean  0.139687     -0.219942    -0.195805  0.023528  \n",
       "rms_mean        0.738795      0.964377     0.847775  0.433178  \n",
       "flat_mean       0.000344     -0.281766    -0.256092  0.049926  \n",
       "flat_max        0.092685     -0.135275    -0.125026  0.080119  \n",
       "amp_mean        0.777311      0.928916     0.798694  0.491441  \n",
       "amp_min         1.000000      0.620222     0.440248  0.345665  \n",
       "melspec_mean    0.620222      1.000000     0.912830  0.442739  \n",
       "melspec_std     0.440248      0.912830     1.000000  0.390713  \n",
       "class           0.345665      0.442739     0.390713  1.000000  "
      ]
     },
     "execution_count": 21,
     "metadata": {},
     "output_type": "execute_result"
    }
   ],
   "source": [
    "df.corr()"
   ]
  },
  {
   "cell_type": "code",
   "execution_count": 22,
   "metadata": {},
   "outputs": [
    {
     "data": {
