{
 "cells": [
  {
   "cell_type": "code",
   "execution_count": 19,
   "metadata": {},
   "outputs": [],
   "source": [
    "\n",
    "import matplotlib.pyplot as plt\n",
    "import seaborn as sns\n",
    "import pandas as pd\n",
    "import numpy as np\n",
    "\n",
    "\n",
    "from sklearn.metrics import roc_curve, auc,RocCurveDisplay\n",
    "from sklearn.metrics import confusion_matrix\n",
    "from sklearn.ensemble import RandomForestClassifier\n",
    "from sklearn.tree import DecisionTreeClassifier\n",
    "from sklearn.naive_bayes import GaussianNB\n",
    "from sklearn.linear_model import LogisticRegression\n",
    "from sklearn.model_selection import train_test_split\n",
    "from sklearn.preprocessing import StandardScaler\n",
    "from sklearn.svm import SVC\n",
    "from sklearn.pipeline import Pipeline\n",
    "from sklearn.model_selection import cross_val_score\n",
    "import dataframe_image as dfi\n"
   ]
  },
  {
   "cell_type": "code",
   "execution_count": 20,
   "metadata": {},
   "outputs": [
    {
     "data": {
      "text/html": [
       "<div>\n",
       "<style scoped>\n",
       "    .dataframe tbody tr th:only-of-type {\n",
       "        vertical-align: middle;\n",
       "    }\n",
       "\n",
       "    .dataframe tbody tr th {\n",
       "        vertical-align: top;\n",
       "    }\n",
       "\n",
       "    .dataframe thead th {\n",
       "        text-align: right;\n",
       "    }\n",
       "</style>\n",
       "<table border=\"1\" class=\"dataframe\">\n",
       "  <thead>\n",
       "    <tr style=\"text-align: right;\">\n",
       "      <th></th>\n",
       "      <th>y_min</th>\n",
       "      <th>y_max</th>\n",
       "      <th>y_mean</th>\n",
       "      <th>y_std</th>\n",
       "      <th>zcr_mean</th>\n",
       "      <th>zcr_min</th>\n",
       "      <th>zcr_max</th>\n",
       "      <th>spec_cent_min</th>\n",
       "      <th>spec_cent_mean</th>\n",
       "      <th>spec_roll_min</th>\n",
       "      <th>spec_roll_mean</th>\n",
       "      <th>rms_mean</th>\n",
       "      <th>flat_mean</th>\n",
       "      <th>flat_max</th>\n",
       "      <th>amp_mean</th>\n",
       "      <th>amp_min</th>\n",
       "      <th>melspec_mean</th>\n",
       "      <th>melspec_std</th>\n",
       "      <th>class</th>\n",
       "    </tr>\n",
       "  </thead>\n",
       "  <tbody>\n",
       "    <tr>\n",
       "      <th>0</th>\n",
       "      <td>-0.026870</td>\n",
       "      <td>0.028764</td>\n",
       "      <td>-1.398502e-06</td>\n",
       "      <td>0.005328</td>\n",
       "      <td>0.047631</td>\n",
       "      <td>0.020020</td>\n",
       "      <td>0.069336</td>\n",
       "      <td>1014.801047</td>\n",
       "      <td>1372.581294</td>\n",
       "      <td>2336.352539</td>\n",
       "      <td>3214.092862</td>\n",
       "      <td>0.005268</td>\n",
       "      <td>0.000342</td>\n",
       "      <td>0.007224</td>\n",
       "      <td>0.013499</td>\n",
       "      <td>0.007090</td>\n",
       "      <td>0.006609</td>\n",
       "      <td>0.029762</td>\n",
       "      <td>0</td>\n",
       "    </tr>\n",
       "    <tr>\n",
       "      <th>1</th>\n",
       "      <td>-0.024040</td>\n",
       "      <td>0.028493</td>\n",
       "      <td>-4.029802e-06</td>\n",
       "      <td>0.005365</td>\n",
       "      <td>0.041871</td>\n",
       "      <td>0.019043</td>\n",
       "      <td>0.087402</td>\n",
       "      <td>720.012314</td>\n",
       "      <td>985.649834</td>\n",
       "      <td>1173.559570</td>\n",
       "      <td>2035.462247</td>\n",
       "      <td>0.005330</td>\n",
       "      <td>0.000147</td>\n",
       "      <td>0.001054</td>\n",
       "      <td>0.014137</td>\n",
       "      <td>0.007547</td>\n",
       "      <td>0.006682</td>\n",
       "      <td>0.024763</td>\n",
       "      <td>0</td>\n",
       "    </tr>\n",
       "    <tr>\n",
       "      <th>2</th>\n",
       "      <td>-0.025671</td>\n",
       "      <td>0.027518</td>\n",
       "      <td>5.779765e-07</td>\n",
       "      <td>0.005878</td>\n",
       "      <td>0.045000</td>\n",
       "      <td>0.019531</td>\n",
       "      <td>0.065430</td>\n",
       "      <td>919.668972</td>\n",
       "      <td>1086.078007</td>\n",
       "      <td>1991.821289</td>\n",
       "      <td>2356.461853</td>\n",
       "      <td>0.005845</td>\n",
       "      <td>0.000183</td>\n",
       "      <td>0.002889</td>\n",
       "      <td>0.015400</td>\n",
       "      <td>0.007993</td>\n",
       "      <td>0.008053</td>\n",
       "      <td>0.028967</td>\n",
       "      <td>0</td>\n",
       "    </tr>\n",
       "    <tr>\n",
       "      <th>3</th>\n",
       "      <td>-0.022808</td>\n",
       "      <td>0.022871</td>\n",
       "      <td>-2.906805e-07</td>\n",
       "      <td>0.005626</td>\n",
       "      <td>0.055353</td>\n",
       "      <td>0.019531</td>\n",
       "      <td>0.078125</td>\n",
       "      <td>1165.522377</td>\n",
       "      <td>1394.776445</td>\n",
       "      <td>2540.917969</td>\n",
       "      <td>3284.712775</td>\n",
       "      <td>0.005581</td>\n",
       "      <td>0.000322</td>\n",
       "      <td>0.010397</td>\n",
       "      <td>0.014580</td>\n",
       "      <td>0.008242</td>\n",
       "      <td>0.007418</td>\n",
       "      <td>0.029873</td>\n",
       "      <td>0</td>\n",
       "    </tr>\n",
       "    <tr>\n",
       "      <th>4</th>\n",
       "      <td>-0.023353</td>\n",
       "      <td>0.023600</td>\n",
       "      <td>-5.806836e-07</td>\n",
       "      <td>0.005836</td>\n",
       "      <td>0.040303</td>\n",
       "      <td>0.017578</td>\n",
       "      <td>0.058594</td>\n",
       "      <td>780.914492</td>\n",
       "      <td>938.608348</td>\n",
       "      <td>1582.690430</td>\n",
       "      <td>1914.206832</td>\n",
       "      <td>0.005797</td>\n",
       "      <td>0.000131</td>\n",
       "      <td>0.004567</td>\n",
       "      <td>0.015175</td>\n",
       "      <td>0.008566</td>\n",
       "      <td>0.007925</td>\n",
       "      <td>0.029198</td>\n",
       "      <td>0</td>\n",
       "    </tr>\n",
       "    <tr>\n",
       "      <th>...</th>\n",
       "      <td>...</td>\n",
       "      <td>...</td>\n",
       "      <td>...</td>\n",
       "      <td>...</td>\n",
       "      <td>...</td>\n",
       "      <td>...</td>\n",
       "      <td>...</td>\n",
       "      <td>...</td>\n",
       "      <td>...</td>\n",
       "      <td>...</td>\n",
       "      <td>...</td>\n",
       "      <td>...</td>\n",
       "      <td>...</td>\n",
       "      <td>...</td>\n",
       "      <td>...</td>\n",
       "      <td>...</td>\n",
       "      <td>...</td>\n",
       "      <td>...</td>\n",
       "      <td>...</td>\n",
       "    </tr>\n",
       "    <tr>\n",
       "      <th>4089</th>\n",
       "      <td>-0.041769</td>\n",
       "      <td>0.043208</td>\n",
       "      <td>-1.804644e-06</td>\n",
       "      <td>0.005898</td>\n",
       "      <td>0.057817</td>\n",
       "      <td>0.025879</td>\n",
       "      <td>0.211426</td>\n",
       "      <td>925.870269</td>\n",
       "      <td>1282.609473</td>\n",
       "      <td>1679.589844</td>\n",
       "      <td>2736.240608</td>\n",
       "      <td>0.005661</td>\n",
       "      <td>0.000305</td>\n",
       "      <td>0.001930</td>\n",
       "      <td>0.015768</td>\n",
       "      <td>0.007578</td>\n",
       "      <td>0.007980</td>\n",
       "      <td>0.041882</td>\n",
       "      <td>1</td>\n",
       "    </tr>\n",
       "    <tr>\n",
       "      <th>4090</th>\n",
       "      <td>-0.045630</td>\n",
       "      <td>0.045665</td>\n",
       "      <td>-1.505834e-06</td>\n",
       "      <td>0.005622</td>\n",
       "      <td>0.078650</td>\n",
       "      <td>0.037109</td>\n",
       "      <td>0.203125</td>\n",
       "      <td>1067.166253</td>\n",
       "      <td>1518.960340</td>\n",
       "      <td>1776.489258</td>\n",
       "      <td>3184.366050</td>\n",
       "      <td>0.005318</td>\n",
       "      <td>0.000480</td>\n",
       "      <td>0.013171</td>\n",
       "      <td>0.015188</td>\n",
       "      <td>0.007137</td>\n",
       "      <td>0.007070</td>\n",
       "      <td>0.039212</td>\n",
       "      <td>1</td>\n",
       "    </tr>\n",
       "    <tr>\n",
       "      <th>4091</th>\n",
       "      <td>-0.041430</td>\n",
       "      <td>0.044381</td>\n",
       "      <td>-1.803019e-06</td>\n",
       "      <td>0.005321</td>\n",
       "      <td>0.079525</td>\n",
       "      <td>0.040039</td>\n",
       "      <td>0.207520</td>\n",
       "      <td>1127.266154</td>\n",
       "      <td>1536.705630</td>\n",
       "      <td>1754.956055</td>\n",
       "      <td>3283.638613</td>\n",
       "      <td>0.005045</td>\n",
       "      <td>0.000473</td>\n",
       "      <td>0.005426</td>\n",
       "      <td>0.014260</td>\n",
       "      <td>0.006204</td>\n",
       "      <td>0.006365</td>\n",
       "      <td>0.036640</td>\n",
       "      <td>1</td>\n",
       "    </tr>\n",
       "    <tr>\n",
       "      <th>4092</th>\n",
       "      <td>-0.035230</td>\n",
       "      <td>0.036468</td>\n",
       "      <td>-1.439296e-06</td>\n",
       "      <td>0.004921</td>\n",
       "      <td>0.141861</td>\n",
       "      <td>0.031250</td>\n",
       "      <td>0.228027</td>\n",
       "      <td>1051.962289</td>\n",
       "      <td>2204.574741</td>\n",
       "      <td>2002.587891</td>\n",
       "      <td>4530.765797</td>\n",
       "      <td>0.004516</td>\n",
       "      <td>0.001577</td>\n",
       "      <td>0.020881</td>\n",
       "      <td>0.013735</td>\n",
       "      <td>0.003698</td>\n",
       "      <td>0.004846</td>\n",
       "      <td>0.031990</td>\n",
       "      <td>1</td>\n",
       "    </tr>\n",
       "    <tr>\n",
       "      <th>4093</th>\n",
       "      <td>-0.034732</td>\n",
       "      <td>0.041650</td>\n",
       "      <td>-3.297553e-06</td>\n",
       "      <td>0.005881</td>\n",
       "      <td>0.052976</td>\n",
       "      <td>0.030762</td>\n",
       "      <td>0.216797</td>\n",
       "      <td>894.522014</td>\n",
       "      <td>1185.086412</td>\n",
       "      <td>1690.356445</td>\n",
       "      <td>2512.689988</td>\n",
       "      <td>0.005703</td>\n",
       "      <td>0.000300</td>\n",
       "      <td>0.008896</td>\n",
       "      <td>0.015751</td>\n",
       "      <td>0.008255</td>\n",
       "      <td>0.007941</td>\n",
       "      <td>0.036755</td>\n",
       "      <td>1</td>\n",
       "    </tr>\n",
       "  </tbody>\n",
       "</table>\n",
       "<p>4094 rows × 19 columns</p>\n",
       "</div>"
      ],
      "text/plain": [
       "         y_min     y_max        y_mean     y_std  zcr_mean   zcr_min  \\\n",
       "0    -0.026870  0.028764 -1.398502e-06  0.005328  0.047631  0.020020   \n",
       "1    -0.024040  0.028493 -4.029802e-06  0.005365  0.041871  0.019043   \n",
       "2    -0.025671  0.027518  5.779765e-07  0.005878  0.045000  0.019531   \n",
       "3    -0.022808  0.022871 -2.906805e-07  0.005626  0.055353  0.019531   \n",
       "4    -0.023353  0.023600 -5.806836e-07  0.005836  0.040303  0.017578   \n",
       "...        ...       ...           ...       ...       ...       ...   \n",
       "4089 -0.041769  0.043208 -1.804644e-06  0.005898  0.057817  0.025879   \n",
       "4090 -0.045630  0.045665 -1.505834e-06  0.005622  0.078650  0.037109   \n",
       "4091 -0.041430  0.044381 -1.803019e-06  0.005321  0.079525  0.040039   \n",
       "4092 -0.035230  0.036468 -1.439296e-06  0.004921  0.141861  0.031250   \n",
       "4093 -0.034732  0.041650 -3.297553e-06  0.005881  0.052976  0.030762   \n",
       "\n",
       "       zcr_max  spec_cent_min  spec_cent_mean  spec_roll_min  spec_roll_mean  \\\n",
       "0     0.069336    1014.801047     1372.581294    2336.352539     3214.092862   \n",
       "1     0.087402     720.012314      985.649834    1173.559570     2035.462247   \n",
       "2     0.065430     919.668972     1086.078007    1991.821289     2356.461853   \n",
       "3     0.078125    1165.522377     1394.776445    2540.917969     3284.712775   \n",
       "4     0.058594     780.914492      938.608348    1582.690430     1914.206832   \n",
       "...        ...            ...             ...            ...             ...   \n",
       "4089  0.211426     925.870269     1282.609473    1679.589844     2736.240608   \n",
       "4090  0.203125    1067.166253     1518.960340    1776.489258     3184.366050   \n",
       "4091  0.207520    1127.266154     1536.705630    1754.956055     3283.638613   \n",
       "4092  0.228027    1051.962289     2204.574741    2002.587891     4530.765797   \n",
       "4093  0.216797     894.522014     1185.086412    1690.356445     2512.689988   \n",
       "\n",
       "      rms_mean  flat_mean  flat_max  amp_mean   amp_min  melspec_mean  \\\n",
       "0     0.005268   0.000342  0.007224  0.013499  0.007090      0.006609   \n",
       "1     0.005330   0.000147  0.001054  0.014137  0.007547      0.006682   \n",
       "2     0.005845   0.000183  0.002889  0.015400  0.007993      0.008053   \n",
       "3     0.005581   0.000322  0.010397  0.014580  0.008242      0.007418   \n",
       "4     0.005797   0.000131  0.004567  0.015175  0.008566      0.007925   \n",
       "...        ...        ...       ...       ...       ...           ...   \n",
       "4089  0.005661   0.000305  0.001930  0.015768  0.007578      0.007980   \n",
       "4090  0.005318   0.000480  0.013171  0.015188  0.007137      0.007070   \n",
       "4091  0.005045   0.000473  0.005426  0.014260  0.006204      0.006365   \n",
       "4092  0.004516   0.001577  0.020881  0.013735  0.003698      0.004846   \n",
       "4093  0.005703   0.000300  0.008896  0.015751  0.008255      0.007941   \n",
       "\n",
       "      melspec_std  class  \n",
       "0        0.029762      0  \n",
       "1        0.024763      0  \n",
       "2        0.028967      0  \n",
       "3        0.029873      0  \n",
       "4        0.029198      0  \n",
       "...           ...    ...  \n",
       "4089     0.041882      1  \n",
       "4090     0.039212      1  \n",
       "4091     0.036640      1  \n",
       "4092     0.031990      1  \n",
       "4093     0.036755      1  \n",
       "\n",
       "[4094 rows x 19 columns]"
      ]
     },
     "execution_count": 20,
     "metadata": {},
     "output_type": "execute_result"
    }
   ],
   "source": [
    "df = pd.read_csv(\"../Dataset/slider_features.csv\").iloc[:,1:]\n",
    "df"
   ]
  },
  {
   "cell_type": "code",
   "execution_count": 21,
   "metadata": {},
   "outputs": [
    {
     "data": {
      "text/html": [
       "<div>\n",
       "<style scoped>\n",
       "    .dataframe tbody tr th:only-of-type {\n",
       "        vertical-align: middle;\n",
       "    }\n",
       "\n",
       "    .dataframe tbody tr th {\n",
       "        vertical-align: top;\n",
       "    }\n",
       "\n",
       "    .dataframe thead th {\n",
       "        text-align: right;\n",
       "    }\n",
       "</style>\n",
       "<table border=\"1\" class=\"dataframe\">\n",
       "  <thead>\n",
       "    <tr style=\"text-align: right;\">\n",
       "      <th></th>\n",
       "      <th>y_min</th>\n",
       "      <th>y_max</th>\n",
       "      <th>y_mean</th>\n",
       "      <th>y_std</th>\n",
       "      <th>zcr_mean</th>\n",
       "      <th>zcr_min</th>\n",
       "      <th>zcr_max</th>\n",
       "      <th>spec_cent_min</th>\n",
       "      <th>spec_cent_mean</th>\n",
       "      <th>spec_roll_min</th>\n",
       "      <th>spec_roll_mean</th>\n",
       "      <th>rms_mean</th>\n",
       "      <th>flat_mean</th>\n",
       "      <th>flat_max</th>\n",
       "      <th>amp_mean</th>\n",
       "      <th>amp_min</th>\n",
       "      <th>melspec_mean</th>\n",
       "      <th>melspec_std</th>\n",
       "      <th>class</th>\n",
       "    </tr>\n",
       "  </thead>\n",
       "  <tbody>\n",
       "    <tr>\n",
       "      <th>y_min</th>\n",
       "      <td>1.000000</td>\n",
       "      <td>-0.887020</td>\n",
       "      <td>-0.004147</td>\n",
       "      <td>-0.700234</td>\n",
       "      <td>-0.010928</td>\n",
       "      <td>-0.015951</td>\n",
       "      <td>-0.104277</td>\n",
       "      <td>-0.000263</td>\n",
       "      <td>-0.147398</td>\n",
       "      <td>0.016978</td>\n",
       "      <td>-0.210379</td>\n",
       "      <td>-0.659545</td>\n",
       "      <td>0.003760</td>\n",
       "      <td>-0.045358</td>\n",
       "      <td>-0.735555</td>\n",
       "      <td>0.029364</td>\n",
       "      <td>-0.725311</td>\n",
       "      <td>-0.682629</td>\n",
       "      <td>-0.412523</td>\n",
       "    </tr>\n",
       "    <tr>\n",
       "      <th>y_max</th>\n",
       "      <td>-0.887020</td>\n",
       "      <td>1.000000</td>\n",
       "      <td>-0.006842</td>\n",
       "      <td>0.655944</td>\n",
       "      <td>0.002392</td>\n",
       "      <td>0.033549</td>\n",
       "      <td>0.078511</td>\n",
       "      <td>0.000493</td>\n",
       "      <td>0.137376</td>\n",
       "      <td>-0.011179</td>\n",
       "      <td>0.195948</td>\n",
       "      <td>0.613668</td>\n",
       "      <td>-0.004645</td>\n",
       "      <td>0.036580</td>\n",
       "      <td>0.697064</td>\n",
       "      <td>-0.060702</td>\n",
       "      <td>0.685907</td>\n",
       "      <td>0.648226</td>\n",
       "      <td>0.379127</td>\n",
       "    </tr>\n",
       "    <tr>\n",
       "      <th>y_mean</th>\n",
       "      <td>-0.004147</td>\n",
       "      <td>-0.006842</td>\n",
       "      <td>1.000000</td>\n",
       "      <td>-0.000311</td>\n",
       "      <td>-0.006590</td>\n",
       "      <td>-0.003714</td>\n",
       "      <td>-0.030934</td>\n",
       "      <td>0.015114</td>\n",
       "      <td>0.007450</td>\n",
       "      <td>0.017478</td>\n",
       "      <td>0.010017</td>\n",
       "      <td>-0.001134</td>\n",
       "      <td>-0.004645</td>\n",
       "      <td>-0.023152</td>\n",
       "      <td>-0.005554</td>\n",
       "      <td>0.033518</td>\n",
       "      <td>0.001330</td>\n",
       "      <td>0.009981</td>\n",
       "      <td>-0.007646</td>\n",
       "    </tr>\n",
       "    <tr>\n",
       "      <th>y_std</th>\n",
       "      <td>-0.700234</td>\n",
       "      <td>0.655944</td>\n",
       "      <td>-0.000311</td>\n",
       "      <td>1.000000</td>\n",
       "      <td>-0.228191</td>\n",
       "      <td>-0.178430</td>\n",
       "      <td>-0.276900</td>\n",
       "      <td>-0.148060</td>\n",
       "      <td>0.002077</td>\n",
       "      <td>-0.123920</td>\n",
       "      <td>0.070862</td>\n",
       "      <td>0.996896</td>\n",
       "      <td>-0.232041</td>\n",
       "      <td>-0.091812</td>\n",
       "      <td>0.966036</td>\n",
       "      <td>0.226767</td>\n",
       "      <td>0.986091</td>\n",
       "      <td>0.951240</td>\n",
       "      <td>0.451597</td>\n",
       "    </tr>\n",
       "    <tr>\n",
       "      <th>zcr_mean</th>\n",
       "      <td>-0.010928</td>\n",
       "      <td>0.002392</td>\n",
       "      <td>-0.006590</td>\n",
       "      <td>-0.228191</td>\n",
       "      <td>1.000000</td>\n",
       "      <td>0.775969</td>\n",
       "      <td>0.686243</td>\n",
       "      <td>0.728198</td>\n",
       "      <td>0.918879</td>\n",
       "      <td>0.673808</td>\n",
       "      <td>0.851462</td>\n",
       "      <td>-0.257408</td>\n",
       "      <td>0.956261</td>\n",
       "      <td>0.639965</td>\n",
       "      <td>-0.041440</td>\n",
       "      <td>-0.151093</td>\n",
       "      <td>-0.237359</td>\n",
       "      <td>-0.194500</td>\n",
       "      <td>0.329398</td>\n",
       "    </tr>\n",
       "    <tr>\n",
       "      <th>zcr_min</th>\n",
       "      <td>-0.015951</td>\n",
       "      <td>0.033549</td>\n",
       "      <td>-0.003714</td>\n",
       "      <td>-0.178430</td>\n",
       "      <td>0.775969</td>\n",
       "      <td>1.000000</td>\n",
       "      <td>0.377082</td>\n",
       "      <td>0.833031</td>\n",
       "      <td>0.721997</td>\n",
       "      <td>0.766495</td>\n",
       "      <td>0.654682</td>\n",
       "      <td>-0.203461</td>\n",
       "      <td>0.775298</td>\n",
       "      <td>0.526665</td>\n",
       "      <td>-0.027409</td>\n",
       "      <td>-0.007675</td>\n",
       "      <td>-0.170109</td>\n",
       "      <td>-0.135152</td>\n",
       "      <td>0.196231</td>\n",
       "    </tr>\n",
       "    <tr>\n",
       "      <th>zcr_max</th>\n",
       "      <td>-0.104277</td>\n",
       "      <td>0.078511</td>\n",
       "      <td>-0.030934</td>\n",
       "      <td>-0.276900</td>\n",
       "      <td>0.686243</td>\n",
       "      <td>0.377082</td>\n",
       "      <td>1.000000</td>\n",
       "      <td>0.324767</td>\n",
       "      <td>0.597910</td>\n",
       "      <td>0.268153</td>\n",
       "      <td>0.588870</td>\n",
       "      <td>-0.309861</td>\n",
       "      <td>0.627414</td>\n",
       "      <td>0.436300</td>\n",
       "      <td>-0.154647</td>\n",
       "      <td>-0.260784</td>\n",
       "      <td>-0.282895</td>\n",
       "      <td>-0.238779</td>\n",
       "      <td>0.182205</td>\n",
       "    </tr>\n",
       "    <tr>\n",
       "      <th>spec_cent_min</th>\n",
       "      <td>-0.000263</td>\n",
       "      <td>0.000493</td>\n",
       "      <td>0.015114</td>\n",
       "      <td>-0.148060</td>\n",
       "      <td>0.728198</td>\n",
       "      <td>0.833031</td>\n",
       "      <td>0.324767</td>\n",
       "      <td>1.000000</td>\n",
       "      <td>0.753998</td>\n",
       "      <td>0.960061</td>\n",
       "      <td>0.721641</td>\n",
       "      <td>-0.170882</td>\n",
       "      <td>0.735145</td>\n",
       "      <td>0.451127</td>\n",
       "      <td>-0.010677</td>\n",
       "      <td>0.059178</td>\n",
       "      <td>-0.142305</td>\n",
       "      <td>-0.090952</td>\n",
       "      <td>0.152008</td>\n",
       "    </tr>\n",
       "    <tr>\n",
       "      <th>spec_cent_mean</th>\n",
       "      <td>-0.147398</td>\n",
       "      <td>0.137376</td>\n",
       "      <td>0.007450</td>\n",
       "      <td>0.002077</td>\n",
       "      <td>0.918879</td>\n",
       "      <td>0.721997</td>\n",
       "      <td>0.597910</td>\n",
       "      <td>0.753998</td>\n",
       "      <td>1.000000</td>\n",
       "      <td>0.724618</td>\n",
       "      <td>0.979604</td>\n",
       "      <td>-0.026822</td>\n",
       "      <td>0.895002</td>\n",
       "      <td>0.620925</td>\n",
       "      <td>0.164573</td>\n",
       "      <td>-0.091207</td>\n",
       "      <td>-0.026429</td>\n",
       "      <td>0.063651</td>\n",
       "      <td>0.459535</td>\n",
       "    </tr>\n",
       "    <tr>\n",
       "      <th>spec_roll_min</th>\n",
       "      <td>0.016978</td>\n",
       "      <td>-0.011179</td>\n",
       "      <td>0.017478</td>\n",
       "      <td>-0.123920</td>\n",
       "      <td>0.673808</td>\n",
       "      <td>0.766495</td>\n",
       "      <td>0.268153</td>\n",
       "      <td>0.960061</td>\n",
       "      <td>0.724618</td>\n",
       "      <td>1.000000</td>\n",
       "      <td>0.716249</td>\n",
       "      <td>-0.141131</td>\n",
       "      <td>0.708988</td>\n",
       "      <td>0.440496</td>\n",
       "      <td>0.004208</td>\n",
       "      <td>0.099304</td>\n",
       "      <td>-0.121620</td>\n",
       "      <td>-0.081257</td>\n",
       "      <td>0.117988</td>\n",
       "    </tr>\n",
       "    <tr>\n",
       "      <th>spec_roll_mean</th>\n",
       "      <td>-0.210379</td>\n",
       "      <td>0.195948</td>\n",
       "      <td>0.010017</td>\n",
       "      <td>0.070862</td>\n",
       "      <td>0.851462</td>\n",
       "      <td>0.654682</td>\n",
       "      <td>0.588870</td>\n",
       "      <td>0.721641</td>\n",
       "      <td>0.979604</td>\n",
       "      <td>0.716249</td>\n",
       "      <td>1.000000</td>\n",
       "      <td>0.042648</td>\n",
       "      <td>0.831788</td>\n",
       "      <td>0.585942</td>\n",
       "      <td>0.225316</td>\n",
       "      <td>-0.050663</td>\n",
       "      <td>0.042292</td>\n",
       "      <td>0.126345</td>\n",
       "      <td>0.472774</td>\n",
       "    </tr>\n",
       "    <tr>\n",
       "      <th>rms_mean</th>\n",
       "      <td>-0.659545</td>\n",
       "      <td>0.613668</td>\n",
       "      <td>-0.001134</td>\n",
       "      <td>0.996896</td>\n",
       "      <td>-0.257408</td>\n",
       "      <td>-0.203461</td>\n",
       "      <td>-0.309861</td>\n",
       "      <td>-0.170882</td>\n",
       "      <td>-0.026822</td>\n",
       "      <td>-0.141131</td>\n",
       "      <td>0.042648</td>\n",
       "      <td>1.000000</td>\n",
       "      <td>-0.260392</td>\n",
       "      <td>-0.110727</td>\n",
       "      <td>0.958192</td>\n",
       "      <td>0.268363</td>\n",
       "      <td>0.977200</td>\n",
       "      <td>0.935923</td>\n",
       "      <td>0.431885</td>\n",
       "    </tr>\n",
       "    <tr>\n",
       "      <th>flat_mean</th>\n",
       "      <td>0.003760</td>\n",
       "      <td>-0.004645</td>\n",
       "      <td>-0.004645</td>\n",
       "      <td>-0.232041</td>\n",
       "      <td>0.956261</td>\n",
       "      <td>0.775298</td>\n",
       "      <td>0.627414</td>\n",
       "      <td>0.735145</td>\n",
       "      <td>0.895002</td>\n",
       "      <td>0.708988</td>\n",
       "      <td>0.831788</td>\n",
       "      <td>-0.260392</td>\n",
       "      <td>1.000000</td>\n",
       "      <td>0.704031</td>\n",
       "      <td>-0.068545</td>\n",
       "      <td>-0.162928</td>\n",
       "      <td>-0.242096</td>\n",
       "      <td>-0.181565</td>\n",
       "      <td>0.278730</td>\n",
       "    </tr>\n",
       "    <tr>\n",
       "      <th>flat_max</th>\n",
       "      <td>-0.045358</td>\n",
       "      <td>0.036580</td>\n",
       "      <td>-0.023152</td>\n",
       "      <td>-0.091812</td>\n",
       "      <td>0.639965</td>\n",
       "      <td>0.526665</td>\n",
       "      <td>0.436300</td>\n",
       "      <td>0.451127</td>\n",
       "      <td>0.620925</td>\n",
       "      <td>0.440496</td>\n",
       "      <td>0.585942</td>\n",
       "      <td>-0.110727</td>\n",
       "      <td>0.704031</td>\n",
       "      <td>1.000000</td>\n",
       "      <td>0.018148</td>\n",
       "      <td>-0.106676</td>\n",
       "      <td>-0.106735</td>\n",
       "      <td>-0.063342</td>\n",
       "      <td>0.246673</td>\n",
       "    </tr>\n",
       "    <tr>\n",
       "      <th>amp_mean</th>\n",
       "      <td>-0.735555</td>\n",
       "      <td>0.697064</td>\n",
       "      <td>-0.005554</td>\n",
       "      <td>0.966036</td>\n",
       "      <td>-0.041440</td>\n",
       "      <td>-0.027409</td>\n",
       "      <td>-0.154647</td>\n",
       "      <td>-0.010677</td>\n",
       "      <td>0.164573</td>\n",
       "      <td>0.004208</td>\n",
       "      <td>0.225316</td>\n",
       "      <td>0.958192</td>\n",
       "      <td>-0.068545</td>\n",
       "      <td>0.018148</td>\n",
       "      <td>1.000000</td>\n",
       "      <td>0.251503</td>\n",
       "      <td>0.960019</td>\n",
       "      <td>0.886240</td>\n",
       "      <td>0.519006</td>\n",
       "    </tr>\n",
       "    <tr>\n",
       "      <th>amp_min</th>\n",
       "      <td>0.029364</td>\n",
       "      <td>-0.060702</td>\n",
       "      <td>0.033518</td>\n",
       "      <td>0.226767</td>\n",
       "      <td>-0.151093</td>\n",
       "      <td>-0.007675</td>\n",
       "      <td>-0.260784</td>\n",
       "      <td>0.059178</td>\n",
       "      <td>-0.091207</td>\n",
       "      <td>0.099304</td>\n",
       "      <td>-0.050663</td>\n",
       "      <td>0.268363</td>\n",
       "      <td>-0.162928</td>\n",
       "      <td>-0.106676</td>\n",
       "      <td>0.251503</td>\n",
       "      <td>1.000000</td>\n",
       "      <td>0.188160</td>\n",
       "      <td>0.085064</td>\n",
       "      <td>-0.019480</td>\n",
       "    </tr>\n",
       "    <tr>\n",
       "      <th>melspec_mean</th>\n",
       "      <td>-0.725311</td>\n",
       "      <td>0.685907</td>\n",
       "      <td>0.001330</td>\n",
       "      <td>0.986091</td>\n",
       "      <td>-0.237359</td>\n",
       "      <td>-0.170109</td>\n",
       "      <td>-0.282895</td>\n",
       "      <td>-0.142305</td>\n",
       "      <td>-0.026429</td>\n",
       "      <td>-0.121620</td>\n",
       "      <td>0.042292</td>\n",
       "      <td>0.977200</td>\n",
       "      <td>-0.242096</td>\n",
       "      <td>-0.106735</td>\n",
       "      <td>0.960019</td>\n",
       "      <td>0.188160</td>\n",
       "      <td>1.000000</td>\n",
       "      <td>0.941470</td>\n",
       "      <td>0.423381</td>\n",
       "    </tr>\n",
       "    <tr>\n",
       "      <th>melspec_std</th>\n",
       "      <td>-0.682629</td>\n",
       "      <td>0.648226</td>\n",
       "      <td>0.009981</td>\n",
       "      <td>0.951240</td>\n",
       "      <td>-0.194500</td>\n",
       "      <td>-0.135152</td>\n",
       "      <td>-0.238779</td>\n",
       "      <td>-0.090952</td>\n",
       "      <td>0.063651</td>\n",
       "      <td>-0.081257</td>\n",
       "      <td>0.126345</td>\n",
       "      <td>0.935923</td>\n",
       "      <td>-0.181565</td>\n",
       "      <td>-0.063342</td>\n",
       "      <td>0.886240</td>\n",
       "      <td>0.085064</td>\n",
       "      <td>0.941470</td>\n",
       "      <td>1.000000</td>\n",
       "      <td>0.465831</td>\n",
       "    </tr>\n",
       "    <tr>\n",
       "      <th>class</th>\n",
       "      <td>-0.412523</td>\n",
       "      <td>0.379127</td>\n",
       "      <td>-0.007646</td>\n",
       "      <td>0.451597</td>\n",
       "      <td>0.329398</td>\n",
       "      <td>0.196231</td>\n",
       "      <td>0.182205</td>\n",
       "      <td>0.152008</td>\n",
       "      <td>0.459535</td>\n",
       "      <td>0.117988</td>\n",
       "      <td>0.472774</td>\n",
       "      <td>0.431885</td>\n",
       "      <td>0.278730</td>\n",
       "      <td>0.246673</td>\n",
       "      <td>0.519006</td>\n",
       "      <td>-0.019480</td>\n",
       "      <td>0.423381</td>\n",
       "      <td>0.465831</td>\n",
       "      <td>1.000000</td>\n",
       "    </tr>\n",
       "  </tbody>\n",
       "</table>\n",
       "</div>"
      ],
      "text/plain": [
       "                   y_min     y_max    y_mean     y_std  zcr_mean   zcr_min  \\\n",
       "y_min           1.000000 -0.887020 -0.004147 -0.700234 -0.010928 -0.015951   \n",
       "y_max          -0.887020  1.000000 -0.006842  0.655944  0.002392  0.033549   \n",
       "y_mean         -0.004147 -0.006842  1.000000 -0.000311 -0.006590 -0.003714   \n",
       "y_std          -0.700234  0.655944 -0.000311  1.000000 -0.228191 -0.178430   \n",
       "zcr_mean       -0.010928  0.002392 -0.006590 -0.228191  1.000000  0.775969   \n",
       "zcr_min        -0.015951  0.033549 -0.003714 -0.178430  0.775969  1.000000   \n",
       "zcr_max        -0.104277  0.078511 -0.030934 -0.276900  0.686243  0.377082   \n",
       "spec_cent_min  -0.000263  0.000493  0.015114 -0.148060  0.728198  0.833031   \n",
       "spec_cent_mean -0.147398  0.137376  0.007450  0.002077  0.918879  0.721997   \n",
       "spec_roll_min   0.016978 -0.011179  0.017478 -0.123920  0.673808  0.766495   \n",
       "spec_roll_mean -0.210379  0.195948  0.010017  0.070862  0.851462  0.654682   \n",
       "rms_mean       -0.659545  0.613668 -0.001134  0.996896 -0.257408 -0.203461   \n",
       "flat_mean       0.003760 -0.004645 -0.004645 -0.232041  0.956261  0.775298   \n",
       "flat_max       -0.045358  0.036580 -0.023152 -0.091812  0.639965  0.526665   \n",
       "amp_mean       -0.735555  0.697064 -0.005554  0.966036 -0.041440 -0.027409   \n",
       "amp_min         0.029364 -0.060702  0.033518  0.226767 -0.151093 -0.007675   \n",
       "melspec_mean   -0.725311  0.685907  0.001330  0.986091 -0.237359 -0.170109   \n",
       "melspec_std    -0.682629  0.648226  0.009981  0.951240 -0.194500 -0.135152   \n",
       "class          -0.412523  0.379127 -0.007646  0.451597  0.329398  0.196231   \n",
       "\n",
       "                 zcr_max  spec_cent_min  spec_cent_mean  spec_roll_min  \\\n",
       "y_min          -0.104277      -0.000263       -0.147398       0.016978   \n",
       "y_max           0.078511       0.000493        0.137376      -0.011179   \n",
       "y_mean         -0.030934       0.015114        0.007450       0.017478   \n",
       "y_std          -0.276900      -0.148060        0.002077      -0.123920   \n",
       "zcr_mean        0.686243       0.728198        0.918879       0.673808   \n",
       "zcr_min         0.377082       0.833031        0.721997       0.766495   \n",
       "zcr_max         1.000000       0.324767        0.597910       0.268153   \n",
       "spec_cent_min   0.324767       1.000000        0.753998       0.960061   \n",
       "spec_cent_mean  0.597910       0.753998        1.000000       0.724618   \n",
       "spec_roll_min   0.268153       0.960061        0.724618       1.000000   \n",
       "spec_roll_mean  0.588870       0.721641        0.979604       0.716249   \n",
       "rms_mean       -0.309861      -0.170882       -0.026822      -0.141131   \n",
       "flat_mean       0.627414       0.735145        0.895002       0.708988   \n",
       "flat_max        0.436300       0.451127        0.620925       0.440496   \n",
       "amp_mean       -0.154647      -0.010677        0.164573       0.004208   \n",
       "amp_min        -0.260784       0.059178       -0.091207       0.099304   \n",
       "melspec_mean   -0.282895      -0.142305       -0.026429      -0.121620   \n",
       "melspec_std    -0.238779      -0.090952        0.063651      -0.081257   \n",
       "class           0.182205       0.152008        0.459535       0.117988   \n",
       "\n",
       "                spec_roll_mean  rms_mean  flat_mean  flat_max  amp_mean  \\\n",
       "y_min                -0.210379 -0.659545   0.003760 -0.045358 -0.735555   \n",
       "y_max                 0.195948  0.613668  -0.004645  0.036580  0.697064   \n",
       "y_mean                0.010017 -0.001134  -0.004645 -0.023152 -0.005554   \n",
       "y_std                 0.070862  0.996896  -0.232041 -0.091812  0.966036   \n",
       "zcr_mean              0.851462 -0.257408   0.956261  0.639965 -0.041440   \n",
       "zcr_min               0.654682 -0.203461   0.775298  0.526665 -0.027409   \n",
       "zcr_max               0.588870 -0.309861   0.627414  0.436300 -0.154647   \n",
       "spec_cent_min         0.721641 -0.170882   0.735145  0.451127 -0.010677   \n",
       "spec_cent_mean        0.979604 -0.026822   0.895002  0.620925  0.164573   \n",
       "spec_roll_min         0.716249 -0.141131   0.708988  0.440496  0.004208   \n",
       "spec_roll_mean        1.000000  0.042648   0.831788  0.585942  0.225316   \n",
       "rms_mean              0.042648  1.000000  -0.260392 -0.110727  0.958192   \n",
       "flat_mean             0.831788 -0.260392   1.000000  0.704031 -0.068545   \n",
       "flat_max              0.585942 -0.110727   0.704031  1.000000  0.018148   \n",
       "amp_mean              0.225316  0.958192  -0.068545  0.018148  1.000000   \n",
       "amp_min              -0.050663  0.268363  -0.162928 -0.106676  0.251503   \n",
       "melspec_mean          0.042292  0.977200  -0.242096 -0.106735  0.960019   \n",
       "melspec_std           0.126345  0.935923  -0.181565 -0.063342  0.886240   \n",
       "class                 0.472774  0.431885   0.278730  0.246673  0.519006   \n",
       "\n",
       "                 amp_min  melspec_mean  melspec_std     class  \n",
       "y_min           0.029364     -0.725311    -0.682629 -0.412523  \n",
       "y_max          -0.060702      0.685907     0.648226  0.379127  \n",
       "y_mean          0.033518      0.001330     0.009981 -0.007646  \n",
       "y_std           0.226767      0.986091     0.951240  0.451597  \n",
       "zcr_mean       -0.151093     -0.237359    -0.194500  0.329398  \n",
       "zcr_min        -0.007675     -0.170109    -0.135152  0.196231  \n",
       "zcr_max        -0.260784     -0.282895    -0.238779  0.182205  \n",
       "spec_cent_min   0.059178     -0.142305    -0.090952  0.152008  \n",
       "spec_cent_mean -0.091207     -0.026429     0.063651  0.459535  \n",
       "spec_roll_min   0.099304     -0.121620    -0.081257  0.117988  \n",
       "spec_roll_mean -0.050663      0.042292     0.126345  0.472774  \n",
       "rms_mean        0.268363      0.977200     0.935923  0.431885  \n",
       "flat_mean      -0.162928     -0.242096    -0.181565  0.278730  \n",
       "flat_max       -0.106676     -0.106735    -0.063342  0.246673  \n",
       "amp_mean        0.251503      0.960019     0.886240  0.519006  \n",
       "amp_min         1.000000      0.188160     0.085064 -0.019480  \n",
       "melspec_mean    0.188160      1.000000     0.941470  0.423381  \n",
       "melspec_std     0.085064      0.941470     1.000000  0.465831  \n",
       "class          -0.019480      0.423381     0.465831  1.000000  "
      ]
     },
     "execution_count": 21,
     "metadata": {},
     "output_type": "execute_result"
    }
   ],
   "source": [
    "df.corr()"
   ]
  },
  {
   "cell_type": "code",
   "execution_count": 22,
   "metadata": {},
   "outputs": [
    {
     "data": {
