{
 "cells": [
  {
   "cell_type": "code",
   "execution_count": 21,
   "metadata": {},
   "outputs": [],
   "source": [
    "\n",
    "import matplotlib.pyplot as plt\n",
    "import seaborn as sns\n",
    "import pandas as pd\n",
    "import numpy as np\n",
    "\n",
    "\n",
    "from sklearn.metrics import roc_curve, auc,RocCurveDisplay\n",
    "from sklearn.metrics import confusion_matrix\n",
    "from sklearn.ensemble import RandomForestClassifier\n",
    "from sklearn.tree import DecisionTreeClassifier\n",
    "from sklearn.naive_bayes import GaussianNB\n",
    "from sklearn.linear_model import LogisticRegression\n",
    "from sklearn.model_selection import train_test_split\n",
    "from sklearn.preprocessing import StandardScaler\n",
    "from sklearn.svm import SVC\n",
    "from sklearn.pipeline import Pipeline\n",
    "from sklearn.model_selection import cross_val_score\n",
    "import dataframe_image as dfi\n"
   ]
  },
  {
   "cell_type": "code",
   "execution_count": 22,
   "metadata": {},
   "outputs": [
    {
     "data": {
      "text/html": [
       "<div>\n",
       "<style scoped>\n",
       "    .dataframe tbody tr th:only-of-type {\n",
       "        vertical-align: middle;\n",
       "    }\n",
       "\n",
       "    .dataframe tbody tr th {\n",
       "        vertical-align: top;\n",
       "    }\n",
       "\n",
       "    .dataframe thead th {\n",
       "        text-align: right;\n",
       "    }\n",
       "</style>\n",
       "<table border=\"1\" class=\"dataframe\">\n",
       "  <thead>\n",
       "    <tr style=\"text-align: right;\">\n",
       "      <th></th>\n",
       "      <th>y_min</th>\n",
       "      <th>y_max</th>\n",
       "      <th>y_mean</th>\n",
       "      <th>y_std</th>\n",
       "      <th>zcr_mean</th>\n",
       "      <th>zcr_min</th>\n",
       "      <th>zcr_max</th>\n",
       "      <th>spec_cent_min</th>\n",
       "      <th>spec_cent_mean</th>\n",
       "      <th>spec_roll_min</th>\n",
       "      <th>spec_roll_mean</th>\n",
       "      <th>rms_mean</th>\n",
       "      <th>flat_mean</th>\n",
       "      <th>flat_max</th>\n",
       "      <th>amp_mean</th>\n",
       "      <th>amp_min</th>\n",
       "      <th>melspec_mean</th>\n",
       "      <th>melspec_std</th>\n",
       "      <th>class</th>\n",
       "    </tr>\n",
       "  </thead>\n",
       "  <tbody>\n",
       "    <tr>\n",
       "      <th>0</th>\n",
       "      <td>-0.078432</td>\n",
       "      <td>0.083072</td>\n",
       "      <td>2.846902e-06</td>\n",
       "      <td>0.005092</td>\n",
       "      <td>0.027839</td>\n",
       "      <td>0.007812</td>\n",
       "      <td>0.198730</td>\n",
       "      <td>534.462569</td>\n",
       "      <td>842.763456</td>\n",
       "      <td>861.328125</td>\n",
       "      <td>1565.728661</td>\n",
       "      <td>0.004988</td>\n",
       "      <td>0.000133</td>\n",
       "      <td>0.002137</td>\n",
       "      <td>0.012551</td>\n",
       "      <td>0.005413</td>\n",
       "      <td>0.005789</td>\n",
       "      <td>0.034216</td>\n",
       "      <td>0</td>\n",
       "    </tr>\n",
       "    <tr>\n",
       "      <th>1</th>\n",
       "      <td>-0.074640</td>\n",
       "      <td>0.091593</td>\n",
       "      <td>-7.319340e-07</td>\n",
       "      <td>0.004906</td>\n",
       "      <td>0.077212</td>\n",
       "      <td>0.028809</td>\n",
       "      <td>0.214355</td>\n",
       "      <td>1289.842708</td>\n",
       "      <td>1608.087992</td>\n",
       "      <td>2680.883789</td>\n",
       "      <td>3643.133191</td>\n",
       "      <td>0.004762</td>\n",
       "      <td>0.000488</td>\n",
       "      <td>0.005983</td>\n",
       "      <td>0.014089</td>\n",
       "      <td>0.006951</td>\n",
       "      <td>0.005223</td>\n",
       "      <td>0.029242</td>\n",
       "      <td>0</td>\n",
       "    </tr>\n",
       "    <tr>\n",
       "      <th>2</th>\n",
       "      <td>-0.067114</td>\n",
       "      <td>0.083659</td>\n",
       "      <td>2.985572e-07</td>\n",
       "      <td>0.005200</td>\n",
       "      <td>0.058272</td>\n",
       "      <td>0.031738</td>\n",
       "      <td>0.200684</td>\n",
       "      <td>893.401721</td>\n",
       "      <td>1333.155533</td>\n",
       "      <td>1819.555664</td>\n",
       "      <td>2813.130631</td>\n",
       "      <td>0.005101</td>\n",
       "      <td>0.000402</td>\n",
       "      <td>0.004332</td>\n",
       "      <td>0.015995</td>\n",
       "      <td>0.008361</td>\n",
       "      <td>0.005700</td>\n",
       "      <td>0.019618</td>\n",
       "      <td>0</td>\n",
       "    </tr>\n",
       "    <tr>\n",
       "      <th>3</th>\n",
       "      <td>-0.074049</td>\n",
       "      <td>0.082879</td>\n",
       "      <td>-2.335126e-06</td>\n",
       "      <td>0.005244</td>\n",
       "      <td>0.063717</td>\n",
       "      <td>0.033691</td>\n",
       "      <td>0.197754</td>\n",
       "      <td>926.309215</td>\n",
       "      <td>1352.008946</td>\n",
       "      <td>1894.921875</td>\n",
       "      <td>2786.076734</td>\n",
       "      <td>0.005138</td>\n",
       "      <td>0.000408</td>\n",
       "      <td>0.005724</td>\n",
       "      <td>0.016069</td>\n",
       "      <td>0.005512</td>\n",
       "      <td>0.005686</td>\n",
       "      <td>0.017246</td>\n",
       "      <td>0</td>\n",
       "    </tr>\n",
       "    <tr>\n",
       "      <th>4</th>\n",
       "      <td>-0.064568</td>\n",
       "      <td>0.075072</td>\n",
       "      <td>-7.828104e-08</td>\n",
       "      <td>0.005326</td>\n",
       "      <td>0.069678</td>\n",
       "      <td>0.029297</td>\n",
       "      <td>0.187500</td>\n",
       "      <td>1269.865358</td>\n",
       "      <td>1674.007315</td>\n",
       "      <td>2390.185547</td>\n",
       "      <td>3908.825938</td>\n",
       "      <td>0.005219</td>\n",
       "      <td>0.000483</td>\n",
       "      <td>0.005077</td>\n",
       "      <td>0.015526</td>\n",
       "      <td>0.007869</td>\n",
       "      <td>0.006105</td>\n",
       "      <td>0.029943</td>\n",
       "      <td>0</td>\n",
       "    </tr>\n",
       "    <tr>\n",
       "      <th>...</th>\n",
       "      <td>...</td>\n",
       "      <td>...</td>\n",
       "      <td>...</td>\n",
       "      <td>...</td>\n",
       "      <td>...</td>\n",
       "      <td>...</td>\n",
       "      <td>...</td>\n",
       "      <td>...</td>\n",
       "      <td>...</td>\n",
       "      <td>...</td>\n",
       "      <td>...</td>\n",
       "      <td>...</td>\n",
       "      <td>...</td>\n",
       "      <td>...</td>\n",
       "      <td>...</td>\n",
       "      <td>...</td>\n",
       "      <td>...</td>\n",
       "      <td>...</td>\n",
       "      <td>...</td>\n",
       "    </tr>\n",
       "    <tr>\n",
       "      <th>4165</th>\n",
       "      <td>-0.042108</td>\n",
       "      <td>0.035794</td>\n",
       "      <td>-2.517581e-06</td>\n",
       "      <td>0.005197</td>\n",
       "      <td>0.075104</td>\n",
       "      <td>0.034180</td>\n",
       "      <td>0.141113</td>\n",
       "      <td>1207.502981</td>\n",
       "      <td>1527.578189</td>\n",
       "      <td>2239.453125</td>\n",
       "      <td>3130.033432</td>\n",
       "      <td>0.005027</td>\n",
       "      <td>0.000440</td>\n",
       "      <td>0.008396</td>\n",
       "      <td>0.014203</td>\n",
       "      <td>0.007967</td>\n",
       "      <td>0.005969</td>\n",
       "      <td>0.028064</td>\n",
       "      <td>1</td>\n",
       "    </tr>\n",
       "    <tr>\n",
       "      <th>4166</th>\n",
       "      <td>-0.045548</td>\n",
       "      <td>0.040276</td>\n",
       "      <td>-2.233977e-06</td>\n",
       "      <td>0.005495</td>\n",
       "      <td>0.057363</td>\n",
       "      <td>0.022949</td>\n",
       "      <td>0.153320</td>\n",
       "      <td>938.081211</td>\n",
       "      <td>1328.328487</td>\n",
       "      <td>1927.221680</td>\n",
       "      <td>2852.749726</td>\n",
       "      <td>0.005365</td>\n",
       "      <td>0.000347</td>\n",
       "      <td>0.002127</td>\n",
       "      <td>0.014895</td>\n",
       "      <td>0.008025</td>\n",
       "      <td>0.006704</td>\n",
       "      <td>0.027793</td>\n",
       "      <td>1</td>\n",
       "    </tr>\n",
       "    <tr>\n",
       "      <th>4167</th>\n",
       "      <td>-0.049755</td>\n",
       "      <td>0.040903</td>\n",
       "      <td>-5.744654e-07</td>\n",
       "      <td>0.004968</td>\n",
       "      <td>0.080390</td>\n",
       "      <td>0.034180</td>\n",
       "      <td>0.158203</td>\n",
       "      <td>1191.382068</td>\n",
       "      <td>1583.492586</td>\n",
       "      <td>2174.853516</td>\n",
       "      <td>3233.802487</td>\n",
       "      <td>0.004790</td>\n",
       "      <td>0.000635</td>\n",
       "      <td>0.052457</td>\n",
       "      <td>0.014129</td>\n",
       "      <td>0.007930</td>\n",
       "      <td>0.005245</td>\n",
       "      <td>0.023782</td>\n",
       "      <td>1</td>\n",
       "    </tr>\n",
       "    <tr>\n",
       "      <th>4168</th>\n",
       "      <td>-0.068714</td>\n",
       "      <td>0.106759</td>\n",
       "      <td>-2.188828e-06</td>\n",
       "      <td>0.005154</td>\n",
       "      <td>0.052477</td>\n",
       "      <td>0.023926</td>\n",
       "      <td>0.173828</td>\n",
       "      <td>923.132674</td>\n",
       "      <td>1216.404764</td>\n",
       "      <td>1894.921875</td>\n",
       "      <td>2577.464461</td>\n",
       "      <td>0.005078</td>\n",
       "      <td>0.000313</td>\n",
       "      <td>0.002913</td>\n",
       "      <td>0.014419</td>\n",
       "      <td>0.006626</td>\n",
       "      <td>0.005858</td>\n",
       "      <td>0.020515</td>\n",
       "      <td>1</td>\n",
       "    </tr>\n",
       "    <tr>\n",
       "      <th>4169</th>\n",
       "      <td>-0.058607</td>\n",
       "      <td>0.061384</td>\n",
       "      <td>-5.687630e-07</td>\n",
       "      <td>0.004825</td>\n",
       "      <td>0.069272</td>\n",
       "      <td>0.029297</td>\n",
       "      <td>0.161133</td>\n",
       "      <td>1232.440808</td>\n",
       "      <td>1471.590126</td>\n",
       "      <td>2174.853516</td>\n",
       "      <td>2981.849023</td>\n",
       "      <td>0.004729</td>\n",
       "      <td>0.000343</td>\n",
       "      <td>0.002097</td>\n",
       "      <td>0.013226</td>\n",
       "      <td>0.008152</td>\n",
       "      <td>0.005163</td>\n",
       "      <td>0.023200</td>\n",
       "      <td>1</td>\n",
       "    </tr>\n",
       "  </tbody>\n",
       "</table>\n",
       "<p>4170 rows × 19 columns</p>\n",
       "</div>"
      ],
      "text/plain": [
       "         y_min     y_max        y_mean     y_std  zcr_mean   zcr_min  \\\n",
       "0    -0.078432  0.083072  2.846902e-06  0.005092  0.027839  0.007812   \n",
       "1    -0.074640  0.091593 -7.319340e-07  0.004906  0.077212  0.028809   \n",
       "2    -0.067114  0.083659  2.985572e-07  0.005200  0.058272  0.031738   \n",
       "3    -0.074049  0.082879 -2.335126e-06  0.005244  0.063717  0.033691   \n",
       "4    -0.064568  0.075072 -7.828104e-08  0.005326  0.069678  0.029297   \n",
       "...        ...       ...           ...       ...       ...       ...   \n",
       "4165 -0.042108  0.035794 -2.517581e-06  0.005197  0.075104  0.034180   \n",
       "4166 -0.045548  0.040276 -2.233977e-06  0.005495  0.057363  0.022949   \n",
       "4167 -0.049755  0.040903 -5.744654e-07  0.004968  0.080390  0.034180   \n",
       "4168 -0.068714  0.106759 -2.188828e-06  0.005154  0.052477  0.023926   \n",
       "4169 -0.058607  0.061384 -5.687630e-07  0.004825  0.069272  0.029297   \n",
       "\n",
       "       zcr_max  spec_cent_min  spec_cent_mean  spec_roll_min  spec_roll_mean  \\\n",
       "0     0.198730     534.462569      842.763456     861.328125     1565.728661   \n",
       "1     0.214355    1289.842708     1608.087992    2680.883789     3643.133191   \n",
       "2     0.200684     893.401721     1333.155533    1819.555664     2813.130631   \n",
       "3     0.197754     926.309215     1352.008946    1894.921875     2786.076734   \n",
       "4     0.187500    1269.865358     1674.007315    2390.185547     3908.825938   \n",
       "...        ...            ...             ...            ...             ...   \n",
       "4165  0.141113    1207.502981     1527.578189    2239.453125     3130.033432   \n",
       "4166  0.153320     938.081211     1328.328487    1927.221680     2852.749726   \n",
       "4167  0.158203    1191.382068     1583.492586    2174.853516     3233.802487   \n",
       "4168  0.173828     923.132674     1216.404764    1894.921875     2577.464461   \n",
       "4169  0.161133    1232.440808     1471.590126    2174.853516     2981.849023   \n",
       "\n",
       "      rms_mean  flat_mean  flat_max  amp_mean   amp_min  melspec_mean  \\\n",
       "0     0.004988   0.000133  0.002137  0.012551  0.005413      0.005789   \n",
       "1     0.004762   0.000488  0.005983  0.014089  0.006951      0.005223   \n",
       "2     0.005101   0.000402  0.004332  0.015995  0.008361      0.005700   \n",
       "3     0.005138   0.000408  0.005724  0.016069  0.005512      0.005686   \n",
       "4     0.005219   0.000483  0.005077  0.015526  0.007869      0.006105   \n",
       "...        ...        ...       ...       ...       ...           ...   \n",
       "4165  0.005027   0.000440  0.008396  0.014203  0.007967      0.005969   \n",
       "4166  0.005365   0.000347  0.002127  0.014895  0.008025      0.006704   \n",
       "4167  0.004790   0.000635  0.052457  0.014129  0.007930      0.005245   \n",
       "4168  0.005078   0.000313  0.002913  0.014419  0.006626      0.005858   \n",
       "4169  0.004729   0.000343  0.002097  0.013226  0.008152      0.005163   \n",
       "\n",
       "      melspec_std  class  \n",
       "0        0.034216      0  \n",
       "1        0.029242      0  \n",
       "2        0.019618      0  \n",
       "3        0.017246      0  \n",
       "4        0.029943      0  \n",
       "...           ...    ...  \n",
       "4165     0.028064      1  \n",
       "4166     0.027793      1  \n",
       "4167     0.023782      1  \n",
       "4168     0.020515      1  \n",
       "4169     0.023200      1  \n",
       "\n",
       "[4170 rows x 19 columns]"
      ]
     },
     "execution_count": 22,
     "metadata": {},
     "output_type": "execute_result"
    }
   ],
   "source": [
    "df = pd.read_csv(\"../Dataset/valve_features.csv\").iloc[:,1:]\n",
    "df"
   ]
  },
  {
   "cell_type": "code",
   "execution_count": 23,
   "metadata": {},
   "outputs": [
    {
     "data": {
      "text/html": [
       "<div>\n",
       "<style scoped>\n",
       "    .dataframe tbody tr th:only-of-type {\n",
       "        vertical-align: middle;\n",
       "    }\n",
       "\n",
       "    .dataframe tbody tr th {\n",
       "        vertical-align: top;\n",
       "    }\n",
       "\n",
       "    .dataframe thead th {\n",
       "        text-align: right;\n",
       "    }\n",
       "</style>\n",
       "<table border=\"1\" class=\"dataframe\">\n",
       "  <thead>\n",
       "    <tr style=\"text-align: right;\">\n",
       "      <th></th>\n",
       "      <th>y_min</th>\n",
       "      <th>y_max</th>\n",
       "      <th>y_mean</th>\n",
       "      <th>y_std</th>\n",
       "      <th>zcr_mean</th>\n",
       "      <th>zcr_min</th>\n",
       "      <th>zcr_max</th>\n",
       "      <th>spec_cent_min</th>\n",
       "      <th>spec_cent_mean</th>\n",
       "      <th>spec_roll_min</th>\n",
       "      <th>spec_roll_mean</th>\n",
       "      <th>rms_mean</th>\n",
       "      <th>flat_mean</th>\n",
       "      <th>flat_max</th>\n",
       "      <th>amp_mean</th>\n",
       "      <th>amp_min</th>\n",
       "      <th>melspec_mean</th>\n",
       "      <th>melspec_std</th>\n",
       "      <th>class</th>\n",
       "    </tr>\n",
       "  </thead>\n",
       "  <tbody>\n",
       "    <tr>\n",
       "      <th>y_min</th>\n",
       "      <td>1.000000</td>\n",
       "      <td>-0.685068</td>\n",
       "      <td>-0.029525</td>\n",
       "      <td>-0.288911</td>\n",
       "      <td>-0.048816</td>\n",
       "      <td>0.006754</td>\n",
       "      <td>-0.529280</td>\n",
       "      <td>0.031583</td>\n",
       "      <td>-0.048062</td>\n",
       "      <td>0.069700</td>\n",
       "      <td>-0.019961</td>\n",
       "      <td>-0.104162</td>\n",
       "      <td>-0.029929</td>\n",
       "      <td>-0.035311</td>\n",
       "      <td>-0.273530</td>\n",
       "      <td>0.026085</td>\n",
       "      <td>-0.282917</td>\n",
       "      <td>-0.347915</td>\n",
       "      <td>0.026164</td>\n",
       "    </tr>\n",
       "    <tr>\n",
       "      <th>y_max</th>\n",
       "      <td>-0.685068</td>\n",
       "      <td>1.000000</td>\n",
       "      <td>-0.021540</td>\n",
       "      <td>0.300211</td>\n",
       "      <td>0.007732</td>\n",
       "      <td>-0.030375</td>\n",
       "      <td>0.279756</td>\n",
       "      <td>-0.035516</td>\n",
       "      <td>0.033456</td>\n",
       "      <td>-0.058527</td>\n",
       "      <td>0.037919</td>\n",
       "      <td>0.182592</td>\n",
       "      <td>0.001594</td>\n",
       "      <td>0.004364</td>\n",
       "      <td>0.436461</td>\n",
       "      <td>0.013797</td>\n",
       "      <td>0.278154</td>\n",
       "      <td>0.278303</td>\n",
       "      <td>-0.052506</td>\n",
       "    </tr>\n",
       "    <tr>\n",
       "      <th>y_mean</th>\n",
       "      <td>-0.029525</td>\n",
       "      <td>-0.021540</td>\n",
       "      <td>1.000000</td>\n",
       "      <td>-0.053743</td>\n",
       "      <td>0.041215</td>\n",
       "      <td>0.028414</td>\n",
       "      <td>0.077927</td>\n",
       "      <td>0.025193</td>\n",
       "      <td>0.033441</td>\n",
       "      <td>0.007921</td>\n",
       "      <td>0.021720</td>\n",
       "      <td>-0.067003</td>\n",
       "      <td>0.029044</td>\n",
       "      <td>0.046286</td>\n",
       "      <td>-0.052032</td>\n",
       "      <td>0.016373</td>\n",
       "      <td>-0.048337</td>\n",
       "      <td>-0.010385</td>\n",
       "      <td>0.027144</td>\n",
       "    </tr>\n",
       "    <tr>\n",
       "      <th>y_std</th>\n",
       "      <td>-0.288911</td>\n",
       "      <td>0.300211</td>\n",
       "      <td>-0.053743</td>\n",
       "      <td>1.000000</td>\n",
       "      <td>-0.492200</td>\n",
       "      <td>-0.469512</td>\n",
       "      <td>-0.345914</td>\n",
       "      <td>-0.457459</td>\n",
       "      <td>-0.412603</td>\n",
       "      <td>-0.369238</td>\n",
       "      <td>-0.317877</td>\n",
       "      <td>0.908804</td>\n",
       "      <td>-0.444481</td>\n",
       "      <td>-0.190311</td>\n",
       "      <td>0.724828</td>\n",
       "      <td>0.227098</td>\n",
       "      <td>0.947586</td>\n",
       "      <td>0.653633</td>\n",
       "      <td>-0.032896</td>\n",
       "    </tr>\n",
       "    <tr>\n",
       "      <th>zcr_mean</th>\n",
       "      <td>-0.048816</td>\n",
       "      <td>0.007732</td>\n",
       "      <td>0.041215</td>\n",
       "      <td>-0.492200</td>\n",
       "      <td>1.000000</td>\n",
       "      <td>0.878141</td>\n",
       "      <td>0.505463</td>\n",
       "      <td>0.847365</td>\n",
       "      <td>0.937673</td>\n",
       "      <td>0.774624</td>\n",
       "      <td>0.818677</td>\n",
       "      <td>-0.655322</td>\n",
       "      <td>0.949052</td>\n",
       "      <td>0.451833</td>\n",
       "      <td>-0.214221</td>\n",
       "      <td>-0.144312</td>\n",
       "      <td>-0.421702</td>\n",
       "      <td>-0.062873</td>\n",
       "      <td>0.008412</td>\n",
       "    </tr>\n",
       "    <tr>\n",
       "      <th>zcr_min</th>\n",
       "      <td>0.006754</td>\n",
       "      <td>-0.030375</td>\n",
       "      <td>0.028414</td>\n",
       "      <td>-0.469512</td>\n",
       "      <td>0.878141</td>\n",
       "      <td>1.000000</td>\n",
       "      <td>0.360842</td>\n",
       "      <td>0.847192</td>\n",
       "      <td>0.829231</td>\n",
       "      <td>0.765554</td>\n",
       "      <td>0.733454</td>\n",
       "      <td>-0.579442</td>\n",
       "      <td>0.821021</td>\n",
       "      <td>0.424198</td>\n",
       "      <td>-0.186140</td>\n",
       "      <td>0.010549</td>\n",
       "      <td>-0.404840</td>\n",
       "      <td>-0.103112</td>\n",
       "      <td>0.014071</td>\n",
       "    </tr>\n",
       "    <tr>\n",
       "      <th>zcr_max</th>\n",
       "      <td>-0.529280</td>\n",
       "      <td>0.279756</td>\n",
       "      <td>0.077927</td>\n",
       "      <td>-0.345914</td>\n",
       "      <td>0.505463</td>\n",
       "      <td>0.360842</td>\n",
       "      <td>1.000000</td>\n",
       "      <td>0.283691</td>\n",
       "      <td>0.423766</td>\n",
       "      <td>0.198497</td>\n",
       "      <td>0.310469</td>\n",
       "      <td>-0.496894</td>\n",
       "      <td>0.474039</td>\n",
       "      <td>0.239142</td>\n",
       "      <td>-0.221635</td>\n",
       "      <td>-0.250308</td>\n",
       "      <td>-0.318951</td>\n",
       "      <td>-0.034818</td>\n",
       "      <td>-0.052856</td>\n",
       "    </tr>\n",
       "    <tr>\n",
       "      <th>spec_cent_min</th>\n",
       "      <td>0.031583</td>\n",
       "      <td>-0.035516</td>\n",
       "      <td>0.025193</td>\n",
       "      <td>-0.457459</td>\n",
       "      <td>0.847365</td>\n",
       "      <td>0.847192</td>\n",
       "      <td>0.283691</td>\n",
       "      <td>1.000000</td>\n",
       "      <td>0.913237</td>\n",
       "      <td>0.948673</td>\n",
       "      <td>0.896349</td>\n",
       "      <td>-0.554731</td>\n",
       "      <td>0.787545</td>\n",
       "      <td>0.369763</td>\n",
       "      <td>-0.177497</td>\n",
       "      <td>0.074424</td>\n",
       "      <td>-0.385147</td>\n",
       "      <td>-0.094069</td>\n",
       "      <td>0.010260</td>\n",
       "    </tr>\n",
       "    <tr>\n",
       "      <th>spec_cent_mean</th>\n",
       "      <td>-0.048062</td>\n",
       "      <td>0.033456</td>\n",
       "      <td>0.033441</td>\n",
       "      <td>-0.412603</td>\n",
       "      <td>0.937673</td>\n",
       "      <td>0.829231</td>\n",
       "      <td>0.423766</td>\n",
       "      <td>0.913237</td>\n",
       "      <td>1.000000</td>\n",
       "      <td>0.872509</td>\n",
       "      <td>0.961318</td>\n",
       "      <td>-0.560705</td>\n",
       "      <td>0.903835</td>\n",
       "      <td>0.433420</td>\n",
       "      <td>-0.113994</td>\n",
       "      <td>-0.095678</td>\n",
       "      <td>-0.359806</td>\n",
       "      <td>-0.043030</td>\n",
       "      <td>0.000492</td>\n",
       "    </tr>\n",
       "    <tr>\n",
       "      <th>spec_roll_min</th>\n",
       "      <td>0.069700</td>\n",
       "      <td>-0.058527</td>\n",
       "      <td>0.007921</td>\n",
       "      <td>-0.369238</td>\n",
       "      <td>0.774624</td>\n",
       "      <td>0.765554</td>\n",
       "      <td>0.198497</td>\n",
       "      <td>0.948673</td>\n",
       "      <td>0.872509</td>\n",
       "      <td>1.000000</td>\n",
       "      <td>0.898794</td>\n",
       "      <td>-0.443417</td>\n",
       "      <td>0.761018</td>\n",
       "      <td>0.357778</td>\n",
       "      <td>-0.112904</td>\n",
       "      <td>0.124263</td>\n",
       "      <td>-0.315549</td>\n",
       "      <td>-0.080812</td>\n",
       "      <td>0.011795</td>\n",
       "    </tr>\n",
       "    <tr>\n",
       "      <th>spec_roll_mean</th>\n",
       "      <td>-0.019961</td>\n",
       "      <td>0.037919</td>\n",
       "      <td>0.021720</td>\n",
       "      <td>-0.317877</td>\n",
       "      <td>0.818677</td>\n",
       "      <td>0.733454</td>\n",
       "      <td>0.310469</td>\n",
       "      <td>0.896349</td>\n",
       "      <td>0.961318</td>\n",
       "      <td>0.898794</td>\n",
       "      <td>1.000000</td>\n",
       "      <td>-0.438280</td>\n",
       "      <td>0.798734</td>\n",
       "      <td>0.379227</td>\n",
       "      <td>-0.035370</td>\n",
       "      <td>-0.024632</td>\n",
       "      <td>-0.277545</td>\n",
       "      <td>-0.024693</td>\n",
       "      <td>-0.002033</td>\n",
       "    </tr>\n",
       "    <tr>\n",
       "      <th>rms_mean</th>\n",
       "      <td>-0.104162</td>\n",
       "      <td>0.182592</td>\n",
       "      <td>-0.067003</td>\n",
       "      <td>0.908804</td>\n",
       "      <td>-0.655322</td>\n",
       "      <td>-0.579442</td>\n",
       "      <td>-0.496894</td>\n",
       "      <td>-0.554731</td>\n",
       "      <td>-0.560705</td>\n",
       "      <td>-0.443417</td>\n",
       "      <td>-0.438280</td>\n",
       "      <td>1.000000</td>\n",
       "      <td>-0.594955</td>\n",
       "      <td>-0.260528</td>\n",
       "      <td>0.767239</td>\n",
       "      <td>0.368316</td>\n",
       "      <td>0.776145</td>\n",
       "      <td>0.339441</td>\n",
       "      <td>-0.046125</td>\n",
       "    </tr>\n",
       "    <tr>\n",
       "      <th>flat_mean</th>\n",
       "      <td>-0.029929</td>\n",
       "      <td>0.001594</td>\n",
       "      <td>0.029044</td>\n",
       "      <td>-0.444481</td>\n",
       "      <td>0.949052</td>\n",
       "      <td>0.821021</td>\n",
       "      <td>0.474039</td>\n",
       "      <td>0.787545</td>\n",
       "      <td>0.903835</td>\n",
       "      <td>0.761018</td>\n",
       "      <td>0.798734</td>\n",
       "      <td>-0.594955</td>\n",
       "      <td>1.000000</td>\n",
       "      <td>0.540241</td>\n",
       "      <td>-0.192817</td>\n",
       "      <td>-0.161266</td>\n",
       "      <td>-0.385612</td>\n",
       "      <td>-0.059526</td>\n",
       "      <td>-0.005123</td>\n",
       "    </tr>\n",
       "    <tr>\n",
       "      <th>flat_max</th>\n",
       "      <td>-0.035311</td>\n",
       "      <td>0.004364</td>\n",
       "      <td>0.046286</td>\n",
       "      <td>-0.190311</td>\n",
       "      <td>0.451833</td>\n",
       "      <td>0.424198</td>\n",
       "      <td>0.239142</td>\n",
       "      <td>0.369763</td>\n",
       "      <td>0.433420</td>\n",
       "      <td>0.357778</td>\n",
       "      <td>0.379227</td>\n",
       "      <td>-0.260528</td>\n",
       "      <td>0.540241</td>\n",
       "      <td>1.000000</td>\n",
       "      <td>-0.052752</td>\n",
       "      <td>-0.060689</td>\n",
       "      <td>-0.175256</td>\n",
       "      <td>-0.027250</td>\n",
       "      <td>-0.009779</td>\n",
       "    </tr>\n",
       "    <tr>\n",
       "      <th>amp_mean</th>\n",
       "      <td>-0.273530</td>\n",
       "      <td>0.436461</td>\n",
       "      <td>-0.052032</td>\n",
       "      <td>0.724828</td>\n",
       "      <td>-0.214221</td>\n",
       "      <td>-0.186140</td>\n",
       "      <td>-0.221635</td>\n",
       "      <td>-0.177497</td>\n",
       "      <td>-0.113994</td>\n",
       "      <td>-0.112904</td>\n",
       "      <td>-0.035370</td>\n",
       "      <td>0.767239</td>\n",
       "      <td>-0.192817</td>\n",
       "      <td>-0.052752</td>\n",
       "      <td>1.000000</td>\n",
       "      <td>0.393767</td>\n",
       "      <td>0.556176</td>\n",
       "      <td>0.235102</td>\n",
       "      <td>-0.084064</td>\n",
       "    </tr>\n",
       "    <tr>\n",
       "      <th>amp_min</th>\n",
       "      <td>0.026085</td>\n",
       "      <td>0.013797</td>\n",
       "      <td>0.016373</td>\n",
       "      <td>0.227098</td>\n",
       "      <td>-0.144312</td>\n",
       "      <td>0.010549</td>\n",
       "      <td>-0.250308</td>\n",
       "      <td>0.074424</td>\n",
       "      <td>-0.095678</td>\n",
       "      <td>0.124263</td>\n",
       "      <td>-0.024632</td>\n",
       "      <td>0.368316</td>\n",
       "      <td>-0.161266</td>\n",
       "      <td>-0.060689</td>\n",
       "      <td>0.393767</td>\n",
       "      <td>1.000000</td>\n",
       "      <td>0.170441</td>\n",
       "      <td>-0.017312</td>\n",
       "      <td>-0.005767</td>\n",
       "    </tr>\n",
       "    <tr>\n",
       "      <th>melspec_mean</th>\n",
       "      <td>-0.282917</td>\n",
       "      <td>0.278154</td>\n",
       "      <td>-0.048337</td>\n",
       "      <td>0.947586</td>\n",
       "      <td>-0.421702</td>\n",
       "      <td>-0.404840</td>\n",
       "      <td>-0.318951</td>\n",
       "      <td>-0.385147</td>\n",
       "      <td>-0.359806</td>\n",
       "      <td>-0.315549</td>\n",
       "      <td>-0.277545</td>\n",
       "      <td>0.776145</td>\n",
       "      <td>-0.385612</td>\n",
       "      <td>-0.175256</td>\n",
       "      <td>0.556176</td>\n",
       "      <td>0.170441</td>\n",
       "      <td>1.000000</td>\n",
       "      <td>0.836492</td>\n",
       "      <td>-0.029909</td>\n",
       "    </tr>\n",
       "    <tr>\n",
       "      <th>melspec_std</th>\n",
       "      <td>-0.347915</td>\n",
       "      <td>0.278303</td>\n",
       "      <td>-0.010385</td>\n",
       "      <td>0.653633</td>\n",
       "      <td>-0.062873</td>\n",
       "      <td>-0.103112</td>\n",
       "      <td>-0.034818</td>\n",
       "      <td>-0.094069</td>\n",
       "      <td>-0.043030</td>\n",
       "      <td>-0.080812</td>\n",
       "      <td>-0.024693</td>\n",
       "      <td>0.339441</td>\n",
       "      <td>-0.059526</td>\n",
       "      <td>-0.027250</td>\n",
       "      <td>0.235102</td>\n",
       "      <td>-0.017312</td>\n",
       "      <td>0.836492</td>\n",
       "      <td>1.000000</td>\n",
       "      <td>-0.008701</td>\n",
       "    </tr>\n",
       "    <tr>\n",
       "      <th>class</th>\n",
       "      <td>0.026164</td>\n",
       "      <td>-0.052506</td>\n",
       "      <td>0.027144</td>\n",
       "      <td>-0.032896</td>\n",
       "      <td>0.008412</td>\n",
       "      <td>0.014071</td>\n",
       "      <td>-0.052856</td>\n",
       "      <td>0.010260</td>\n",
       "      <td>0.000492</td>\n",
       "      <td>0.011795</td>\n",
       "      <td>-0.002033</td>\n",
       "      <td>-0.046125</td>\n",
       "      <td>-0.005123</td>\n",
       "      <td>-0.009779</td>\n",
       "      <td>-0.084064</td>\n",
       "      <td>-0.005767</td>\n",
       "      <td>-0.029909</td>\n",
       "      <td>-0.008701</td>\n",
       "      <td>1.000000</td>\n",
       "    </tr>\n",
       "  </tbody>\n",
       "</table>\n",
       "</div>"
      ],
      "text/plain": [
       "                   y_min     y_max    y_mean     y_std  zcr_mean   zcr_min  \\\n",
       "y_min           1.000000 -0.685068 -0.029525 -0.288911 -0.048816  0.006754   \n",
       "y_max          -0.685068  1.000000 -0.021540  0.300211  0.007732 -0.030375   \n",
       "y_mean         -0.029525 -0.021540  1.000000 -0.053743  0.041215  0.028414   \n",
       "y_std          -0.288911  0.300211 -0.053743  1.000000 -0.492200 -0.469512   \n",
       "zcr_mean       -0.048816  0.007732  0.041215 -0.492200  1.000000  0.878141   \n",
       "zcr_min         0.006754 -0.030375  0.028414 -0.469512  0.878141  1.000000   \n",
       "zcr_max        -0.529280  0.279756  0.077927 -0.345914  0.505463  0.360842   \n",
       "spec_cent_min   0.031583 -0.035516  0.025193 -0.457459  0.847365  0.847192   \n",
       "spec_cent_mean -0.048062  0.033456  0.033441 -0.412603  0.937673  0.829231   \n",
       "spec_roll_min   0.069700 -0.058527  0.007921 -0.369238  0.774624  0.765554   \n",
       "spec_roll_mean -0.019961  0.037919  0.021720 -0.317877  0.818677  0.733454   \n",
       "rms_mean       -0.104162  0.182592 -0.067003  0.908804 -0.655322 -0.579442   \n",
       "flat_mean      -0.029929  0.001594  0.029044 -0.444481  0.949052  0.821021   \n",
       "flat_max       -0.035311  0.004364  0.046286 -0.190311  0.451833  0.424198   \n",
       "amp_mean       -0.273530  0.436461 -0.052032  0.724828 -0.214221 -0.186140   \n",
       "amp_min         0.026085  0.013797  0.016373  0.227098 -0.144312  0.010549   \n",
       "melspec_mean   -0.282917  0.278154 -0.048337  0.947586 -0.421702 -0.404840   \n",
       "melspec_std    -0.347915  0.278303 -0.010385  0.653633 -0.062873 -0.103112   \n",
       "class           0.026164 -0.052506  0.027144 -0.032896  0.008412  0.014071   \n",
       "\n",
       "                 zcr_max  spec_cent_min  spec_cent_mean  spec_roll_min  \\\n",
       "y_min          -0.529280       0.031583       -0.048062       0.069700   \n",
       "y_max           0.279756      -0.035516        0.033456      -0.058527   \n",
       "y_mean          0.077927       0.025193        0.033441       0.007921   \n",
       "y_std          -0.345914      -0.457459       -0.412603      -0.369238   \n",
       "zcr_mean        0.505463       0.847365        0.937673       0.774624   \n",
       "zcr_min         0.360842       0.847192        0.829231       0.765554   \n",
       "zcr_max         1.000000       0.283691        0.423766       0.198497   \n",
       "spec_cent_min   0.283691       1.000000        0.913237       0.948673   \n",
       "spec_cent_mean  0.423766       0.913237        1.000000       0.872509   \n",
       "spec_roll_min   0.198497       0.948673        0.872509       1.000000   \n",
       "spec_roll_mean  0.310469       0.896349        0.961318       0.898794   \n",
       "rms_mean       -0.496894      -0.554731       -0.560705      -0.443417   \n",
       "flat_mean       0.474039       0.787545        0.903835       0.761018   \n",
       "flat_max        0.239142       0.369763        0.433420       0.357778   \n",
       "amp_mean       -0.221635      -0.177497       -0.113994      -0.112904   \n",
       "amp_min        -0.250308       0.074424       -0.095678       0.124263   \n",
       "melspec_mean   -0.318951      -0.385147       -0.359806      -0.315549   \n",
       "melspec_std    -0.034818      -0.094069       -0.043030      -0.080812   \n",
       "class          -0.052856       0.010260        0.000492       0.011795   \n",
       "\n",
       "                spec_roll_mean  rms_mean  flat_mean  flat_max  amp_mean  \\\n",
       "y_min                -0.019961 -0.104162  -0.029929 -0.035311 -0.273530   \n",
       "y_max                 0.037919  0.182592   0.001594  0.004364  0.436461   \n",
       "y_mean                0.021720 -0.067003   0.029044  0.046286 -0.052032   \n",
       "y_std                -0.317877  0.908804  -0.444481 -0.190311  0.724828   \n",
       "zcr_mean              0.818677 -0.655322   0.949052  0.451833 -0.214221   \n",
       "zcr_min               0.733454 -0.579442   0.821021  0.424198 -0.186140   \n",
       "zcr_max               0.310469 -0.496894   0.474039  0.239142 -0.221635   \n",
       "spec_cent_min         0.896349 -0.554731   0.787545  0.369763 -0.177497   \n",
       "spec_cent_mean        0.961318 -0.560705   0.903835  0.433420 -0.113994   \n",
       "spec_roll_min         0.898794 -0.443417   0.761018  0.357778 -0.112904   \n",
       "spec_roll_mean        1.000000 -0.438280   0.798734  0.379227 -0.035370   \n",
       "rms_mean             -0.438280  1.000000  -0.594955 -0.260528  0.767239   \n",
       "flat_mean             0.798734 -0.594955   1.000000  0.540241 -0.192817   \n",
       "flat_max              0.379227 -0.260528   0.540241  1.000000 -0.052752   \n",
       "amp_mean             -0.035370  0.767239  -0.192817 -0.052752  1.000000   \n",
       "amp_min              -0.024632  0.368316  -0.161266 -0.060689  0.393767   \n",
       "melspec_mean         -0.277545  0.776145  -0.385612 -0.175256  0.556176   \n",
       "melspec_std          -0.024693  0.339441  -0.059526 -0.027250  0.235102   \n",
       "class                -0.002033 -0.046125  -0.005123 -0.009779 -0.084064   \n",
       "\n",
       "                 amp_min  melspec_mean  melspec_std     class  \n",
       "y_min           0.026085     -0.282917    -0.347915  0.026164  \n",
       "y_max           0.013797      0.278154     0.278303 -0.052506  \n",
       "y_mean          0.016373     -0.048337    -0.010385  0.027144  \n",
       "y_std           0.227098      0.947586     0.653633 -0.032896  \n",
       "zcr_mean       -0.144312     -0.421702    -0.062873  0.008412  \n",
       "zcr_min         0.010549     -0.404840    -0.103112  0.014071  \n",
       "zcr_max        -0.250308     -0.318951    -0.034818 -0.052856  \n",
       "spec_cent_min   0.074424     -0.385147    -0.094069  0.010260  \n",
       "spec_cent_mean -0.095678     -0.359806    -0.043030  0.000492  \n",
       "spec_roll_min   0.124263     -0.315549    -0.080812  0.011795  \n",
       "spec_roll_mean -0.024632     -0.277545    -0.024693 -0.002033  \n",
       "rms_mean        0.368316      0.776145     0.339441 -0.046125  \n",
       "flat_mean      -0.161266     -0.385612    -0.059526 -0.005123  \n",
       "flat_max       -0.060689     -0.175256    -0.027250 -0.009779  \n",
       "amp_mean        0.393767      0.556176     0.235102 -0.084064  \n",
       "amp_min         1.000000      0.170441    -0.017312 -0.005767  \n",
       "melspec_mean    0.170441      1.000000     0.836492 -0.029909  \n",
       "melspec_std    -0.017312      0.836492     1.000000 -0.008701  \n",
       "class          -0.005767     -0.029909    -0.008701  1.000000  "
      ]
     },
     "execution_count": 23,
     "metadata": {},
     "output_type": "execute_result"
    }
   ],
   "source": [
    "df.corr()"
   ]
  },
  {
   "cell_type": "code",
   "execution_count": 24,
   "metadata": {},
   "outputs": [
    {
     "data": {
